IMPROPER 19728 19739 19731 19733 $FC -120.0
DIHEDRAL 19763 19766 19768 19770 $FC  0.0
IMPROPER 19853 19864 19856 19858 $FC -120.0
DIHEDRAL 19888 19891 19893 19895 $FC  0.0
IMPROPER 19978 19989 19981 19983 $FC -120.0
DIHEDRAL 20013 20016 20018 20020 $FC  0.0
IMPROPER 20103 20114 20106 20108 $FC -120.0
DIHEDRAL 20138 20141 20143 20145 $FC  0.0
IMPROPER 20228 20239 20231 20233 $FC -120.0
DIHEDRAL 20263 20266 20268 20270 $FC  0.0
IMPROPER 20353 20364 20356 20358 $FC -120.0
DIHEDRAL 20388 20391 20393 20395 $FC  0.0
IMPROPER 20478 20489 20481 20483 $FC -120.0
DIHEDRAL 20513 20516 20518 20520 $FC  0.0
IMPROPER 20603 20614 20606 20608 $FC -120.0
DIHEDRAL 20638 20641 20643 20645 $FC  0.0
IMPROPER 20728 20739 20731 20733 $FC -120.0
DIHEDRAL 20763 20766 20768 20770 $FC  0.0
IMPROPER 20853 20864 20856 20858 $FC -120.0
DIHEDRAL 20888 20891 20893 20895 $FC  0.0
IMPROPER 20978 20989 20981 20983 $FC -120.0
DIHEDRAL 21013 21016 21018 21020 $FC  0.0
IMPROPER 21103 21114 21106 21108 $FC -120.0
DIHEDRAL 21138 21141 21143 21145 $FC  0.0
IMPROPER 21228 21239 21231 21233 $FC -120.0
DIHEDRAL 21263 21266 21268 21270 $FC  0.0
IMPROPER 21353 21364 21356 21358 $FC -120.0
DIHEDRAL 21388 21391 21393 21395 $FC  0.0
IMPROPER 21478 21489 21481 21483 $FC -120.0
DIHEDRAL 21513 21516 21518 21520 $FC  0.0
IMPROPER 21603 21614 21606 21608 $FC -120.0
DIHEDRAL 21638 21641 21643 21645 $FC  0.0
IMPROPER 21728 21739 21731 21733 $FC -120.0
DIHEDRAL 21763 21766 21768 21770 $FC  0.0
IMPROPER 21853 21864 21856 21858 $FC -120.0
DIHEDRAL 21888 21891 21893 21895 $FC  0.0
IMPROPER 21978 21989 21981 21983 $FC -120.0
DIHEDRAL 22013 22016 22018 22020 $FC  0.0
IMPROPER 22103 22114 22106 22108 $FC -120.0
DIHEDRAL 22138 22141 22143 22145 $FC  0.0
IMPROPER 22228 22239 22231 22233 $FC -120.0
DIHEDRAL 22263 22266 22268 22270 $FC  0.0
IMPROPER 22353 22364 22356 22358 $FC -120.0
DIHEDRAL 22388 22391 22393 22395 $FC  0.0
IMPROPER 22478 22489 22481 22483 $FC -120.0
DIHEDRAL 22513 22516 22518 22520 $FC  0.0
IMPROPER 22603 22614 22606 22608 $FC -120.0
DIHEDRAL 22638 22641 22643 22645 $FC  0.0
IMPROPER 22728 22739 22731 22733 $FC -120.0
DIHEDRAL 22763 22766 22768 22770 $FC  0.0
IMPROPER 22853 22864 22856 22858 $FC -120.0
DIHEDRAL 22888 22891 22893 22895 $FC  0.0
IMPROPER 22978 22989 22981 22983 $FC -120.0
DIHEDRAL 23013 23016 23018 23020 $FC  0.0
IMPROPER 23103 23114 23106 23108 $FC -120.0
DIHEDRAL 23138 23141 23143 23145 $FC  0.0
IMPROPER 23228 23239 23231 23233 $FC -120.0
DIHEDRAL 23263 23266 23268 23270 $FC  0.0
IMPROPER 23353 23364 23356 23358 $FC -120.0
DIHEDRAL 23388 23391 23393 23395 $FC  0.0
IMPROPER 23478 23489 23481 23483 $FC -120.0
DIHEDRAL 23513 23516 23518 23520 $FC  0.0
IMPROPER 23603 23614 23606 23608 $FC -120.0
DIHEDRAL 23638 23641 23643 23645 $FC  0.0
IMPROPER 23728 23739 23731 23733 $FC -120.0
DIHEDRAL 23763 23766 23768 23770 $FC  0.0
IMPROPER 23853 23864 23856 23858 $FC -120.0
DIHEDRAL 23888 23891 23893 23895 $FC  0.0
IMPROPER 23978 23989 23981 23983 $FC -120.0
DIHEDRAL 24013 24016 24018 24020 $FC  0.0
IMPROPER 24103 24114 24106 24108 $FC -120.0
DIHEDRAL 24138 24141 24143 24145 $FC  0.0
IMPROPER 24228 24239 24231 24233 $FC -120.0
DIHEDRAL 24263 24266 24268 24270 $FC  0.0
IMPROPER 24353 24364 24356 24358 $FC -120.0
DIHEDRAL 24388 24391 24393 24395 $FC  0.0
IMPROPER 24478 24489 24481 24483 $FC -120.0
DIHEDRAL 24513 24516 24518 24520 $FC  0.0
IMPROPER 24603 24614 24606 24608 $FC -120.0
DIHEDRAL 24638 24641 24643 24645 $FC  0.0
IMPROPER 24728 24739 24731 24733 $FC -120.0
DIHEDRAL 24763 24766 24768 24770 $FC  0.0
IMPROPER 24853 24864 24856 24858 $FC -120.0
DIHEDRAL 24888 24891 24893 24895 $FC  0.0
IMPROPER 24978 24989 24981 24983 $FC -120.0
DIHEDRAL 25013 25016 25018 25020 $FC  0.0
IMPROPER 25103 25114 25106 25108 $FC -120.0
DIHEDRAL 25138 25141 25143 25145 $FC  0.0
IMPROPER 25228 25239 25231 25233 $FC -120.0
DIHEDRAL 25263 25266 25268 25270 $FC  0.0
IMPROPER 25353 25364 25356 25358 $FC -120.0
DIHEDRAL 25388 25391 25393 25395 $FC  0.0
IMPROPER 25478 25489 25481 25483 $FC -120.0
DIHEDRAL 25513 25516 25518 25520 $FC  0.0
IMPROPER 25603 25614 25606 25608 $FC -120.0
DIHEDRAL 25638 25641 25643 25645 $FC  0.0
IMPROPER 25728 25739 25731 25733 $FC -120.0
DIHEDRAL 25763 25766 25768 25770 $FC  0.0
IMPROPER 25853 25864 25856 25858 $FC -120.0
DIHEDRAL 25888 25891 25893 25895 $FC  0.0
IMPROPER 25978 25989 25981 25983 $FC -120.0
DIHEDRAL 26013 26016 26018 26020 $FC  0.0
IMPROPER 26103 26114 26106 26108 $FC -120.0
DIHEDRAL 26138 26141 26143 26145 $FC  0.0
IMPROPER 26228 26239 26231 26233 $FC -120.0
DIHEDRAL 26263 26266 26268 26270 $FC  0.0
IMPROPER 26353 26364 26356 26358 $FC -120.0
DIHEDRAL 26388 26391 26393 26395 $FC  0.0
IMPROPER 26478 26489 26481 26483 $FC -120.0
DIHEDRAL 26513 26516 26518 26520 $FC  0.0
IMPROPER 26603 26614 26606 26608 $FC -120.0
DIHEDRAL 26638 26641 26643 26645 $FC  0.0
IMPROPER 26728 26739 26731 26733 $FC -120.0
DIHEDRAL 26763 26766 26768 26770 $FC  0.0
IMPROPER 26853 26864 26856 26858 $FC -120.0
DIHEDRAL 26888 26891 26893 26895 $FC  0.0
IMPROPER 26978 26989 26981 26983 $FC -120.0
DIHEDRAL 27013 27016 27018 27020 $FC  0.0
IMPROPER 27103 27114 27106 27108 $FC -120.0
DIHEDRAL 27138 27141 27143 27145 $FC  0.0
IMPROPER 27228 27239 27231 27233 $FC -120.0
DIHEDRAL 27263 27266 27268 27270 $FC  0.0
IMPROPER 27353 27364 27356 27358 $FC -120.0
DIHEDRAL 27388 27391 27393 27395 $FC  0.0
IMPROPER 27478 27489 27481 27483 $FC -120.0
DIHEDRAL 27513 27516 27518 27520 $FC  0.0
IMPROPER 27603 27614 27606 27608 $FC -120.0
DIHEDRAL 27638 27641 27643 27645 $FC  0.0
IMPROPER 27728 27739 27731 27733 $FC -120.0
DIHEDRAL 27763 27766 27768 27770 $FC  0.0
IMPROPER 27853 27864 27856 27858 $FC -120.0
DIHEDRAL 27888 27891 27893 27895 $FC  0.0
IMPROPER 27978 27989 27981 27983 $FC -120.0
DIHEDRAL 28013 28016 28018 28020 $FC  0.0
IMPROPER 28103 28114 28106 28108 $FC -120.0
DIHEDRAL 28138 28141 28143 28145 $FC  0.0
IMPROPER 28228 28239 28231 28233 $FC -120.0
DIHEDRAL 28263 28266 28268 28270 $FC  0.0
IMPROPER 28353 28364 28356 28358 $FC -120.0
DIHEDRAL 28388 28391 28393 28395 $FC  0.0
IMPROPER 28478 28489 28481 28483 $FC -120.0
DIHEDRAL 28513 28516 28518 28520 $FC  0.0
IMPROPER 28603 28614 28606 28608 $FC -120.0
DIHEDRAL 28638 28641 28643 28645 $FC  0.0
IMPROPER 28728 28739 28731 28733 $FC -120.0
DIHEDRAL 28763 28766 28768 28770 $FC  0.0
IMPROPER 28853 28864 28856 28858 $FC -120.0
DIHEDRAL 28888 28891 28893 28895 $FC  0.0
IMPROPER 28978 28989 28981 28983 $FC -120.0
DIHEDRAL 29013 29016 29018 29020 $FC  0.0
IMPROPER 29103 29114 29106 29108 $FC -120.0
DIHEDRAL 29138 29141 29143 29145 $FC  0.0
IMPROPER 29228 29239 29231 29233 $FC -120.0
DIHEDRAL 29263 29266 29268 29270 $FC  0.0
IMPROPER 29353 29364 29356 29358 $FC -120.0
DIHEDRAL 29388 29391 29393 29395 $FC  0.0
IMPROPER 29478 29489 29481 29483 $FC -120.0
DIHEDRAL 29513 29516 29518 29520 $FC  0.0
IMPROPER 29603 29614 29606 29608 $FC -120.0
DIHEDRAL 29638 29641 29643 29645 $FC  0.0
IMPROPER 29728 29739 29731 29733 $FC -120.0
DIHEDRAL 29763 29766 29768 29770 $FC  0.0
IMPROPER 29853 29864 29856 29858 $FC -120.0
DIHEDRAL 29888 29891 29893 29895 $FC  0.0
IMPROPER 29978 29989 29981 29983 $FC -120.0
DIHEDRAL 30013 30016 30018 30020 $FC  0.0
IMPROPER 30103 30114 30106 30108 $FC -120.0
DIHEDRAL 30138 30141 30143 30145 $FC  0.0
IMPROPER 30228 30239 30231 30233 $FC -120.0
DIHEDRAL 30263 30266 30268 30270 $FC  0.0
IMPROPER 30353 30364 30356 30358 $FC -120.0
DIHEDRAL 30388 30391 30393 30395 $FC  0.0
IMPROPER 30478 30489 30481 30483 $FC -120.0
DIHEDRAL 30513 30516 30518 30520 $FC  0.0
IMPROPER 30603 30614 30606 30608 $FC -120.0
DIHEDRAL 30638 30641 30643 30645 $FC  0.0
IMPROPER 30728 30739 30731 30733 $FC -120.0
DIHEDRAL 30763 30766 30768 30770 $FC  0.0
IMPROPER 30853 30864 30856 30858 $FC -120.0
DIHEDRAL 30888 30891 30893 30895 $FC  0.0
IMPROPER 30978 30989 30981 30983 $FC -120.0
DIHEDRAL 31013 31016 31018 31020 $FC  0.0
IMPROPER 31103 31114 31106 31108 $FC -120.0
DIHEDRAL 31138 31141 31143 31145 $FC  0.0
IMPROPER 31228 31239 31231 31233 $FC -120.0
DIHEDRAL 31263 31266 31268 31270 $FC  0.0
IMPROPER 31353 31364 31356 31358 $FC -120.0
DIHEDRAL 31388 31391 31393 31395 $FC  0.0
IMPROPER 31478 31489 31481 31483 $FC -120.0
DIHEDRAL 31513 31516 31518 31520 $FC  0.0
IMPROPER 31603 31614 31606 31608 $FC -120.0
DIHEDRAL 31638 31641 31643 31645 $FC  0.0
IMPROPER 31728 31739 31731 31733 $FC -120.0
DIHEDRAL 31763 31766 31768 31770 $FC  0.0
IMPROPER 31853 31864 31856 31858 $FC -120.0
DIHEDRAL 31888 31891 31893 31895 $FC  0.0
IMPROPER 31978 31989 31981 31983 $FC -120.0
DIHEDRAL 32013 32016 32018 32020 $FC  0.0
IMPROPER 32103 32114 32106 32108 $FC -120.0
DIHEDRAL 32138 32141 32143 32145 $FC  0.0
IMPROPER 32228 32239 32231 32233 $FC -120.0
DIHEDRAL 32263 32266 32268 32270 $FC  0.0
IMPROPER 32353 32364 32356 32358 $FC -120.0
DIHEDRAL 32388 32391 32393 32395 $FC  0.0
IMPROPER 32478 32489 32481 32483 $FC -120.0
DIHEDRAL 32513 32516 32518 32520 $FC  0.0
IMPROPER 32603 32614 32606 32608 $FC -120.0
DIHEDRAL 32638 32641 32643 32645 $FC  0.0
IMPROPER 32728 32739 32731 32733 $FC -120.0
DIHEDRAL 32763 32766 32768 32770 $FC  0.0
IMPROPER 32853 32864 32856 32858 $FC -120.0
DIHEDRAL 32888 32891 32893 32895 $FC  0.0
IMPROPER 32978 32989 32981 32983 $FC -120.0
DIHEDRAL 33013 33016 33018 33020 $FC  0.0
IMPROPER 33103 33114 33106 33108 $FC -120.0
DIHEDRAL 33138 33141 33143 33145 $FC  0.0
IMPROPER 33228 33239 33231 33233 $FC -120.0
DIHEDRAL 33263 33266 33268 33270 $FC  0.0
IMPROPER 33353 33364 33356 33358 $FC -120.0
DIHEDRAL 33388 33391 33393 33395 $FC  0.0
IMPROPER 33478 33489 33481 33483 $FC -120.0
DIHEDRAL 33513 33516 33518 33520 $FC  0.0
IMPROPER 33603 33614 33606 33608 $FC -120.0
DIHEDRAL 33638 33641 33643 33645 $FC  0.0
IMPROPER 33728 33739 33731 33733 $FC -120.0
DIHEDRAL 33763 33766 33768 33770 $FC  0.0
IMPROPER 33853 33864 33856 33858 $FC -120.0
DIHEDRAL 33888 33891 33893 33895 $FC  0.0
IMPROPER 33978 33989 33981 33983 $FC -120.0
DIHEDRAL 34013 34016 34018 34020 $FC  0.0
IMPROPER 34103 34114 34106 34108 $FC -120.0
DIHEDRAL 34138 34141 34143 34145 $FC  0.0
IMPROPER 34228 34239 34231 34233 $FC -120.0
DIHEDRAL 34263 34266 34268 34270 $FC  0.0
IMPROPER 34353 34364 34356 34358 $FC -120.0
DIHEDRAL 34388 34391 34393 34395 $FC  0.0
IMPROPER 34478 34489 34481 34483 $FC -120.0
DIHEDRAL 34513 34516 34518 34520 $FC  0.0
IMPROPER 34603 34614 34606 34608 $FC -120.0
DIHEDRAL 34638 34641 34643 34645 $FC  0.0
IMPROPER 34728 34739 34731 34733 $FC -120.0
DIHEDRAL 34763 34766 34768 34770 $FC  0.0
IMPROPER 34853 34864 34856 34858 $FC -120.0
DIHEDRAL 34888 34891 34893 34895 $FC  0.0
IMPROPER 34978 34989 34981 34983 $FC -120.0
DIHEDRAL 35013 35016 35018 35020 $FC  0.0
IMPROPER 35103 35114 35106 35108 $FC -120.0
DIHEDRAL 35138 35141 35143 35145 $FC  0.0
IMPROPER 35228 35239 35231 35233 $FC -120.0
DIHEDRAL 35263 35266 35268 35270 $FC  0.0
IMPROPER 35353 35364 35356 35358 $FC -120.0
DIHEDRAL 35388 35391 35393 35395 $FC  0.0
IMPROPER 35478 35489 35481 35483 $FC -120.0
DIHEDRAL 35513 35516 35518 35520 $FC  0.0
IMPROPER 35603 35614 35606 35608 $FC -120.0
DIHEDRAL 35638 35641 35643 35645 $FC  0.0
IMPROPER 35728 35739 35731 35733 $FC -120.0
DIHEDRAL 35763 35766 35768 35770 $FC  0.0
IMPROPER 35853 35864 35856 35858 $FC -120.0
DIHEDRAL 35888 35891 35893 35895 $FC  0.0
IMPROPER 35978 35989 35981 35983 $FC -120.0
DIHEDRAL 36013 36016 36018 36020 $FC  0.0
IMPROPER 36103 36114 36106 36108 $FC -120.0
DIHEDRAL 36138 36141 36143 36145 $FC  0.0
IMPROPER 36228 36239 36231 36233 $FC -120.0
DIHEDRAL 36263 36266 36268 36270 $FC  0.0
IMPROPER 36353 36364 36356 36358 $FC -120.0
DIHEDRAL 36388 36391 36393 36395 $FC  0.0
IMPROPER 36478 36489 36481 36483 $FC -120.0
DIHEDRAL 36513 36516 36518 36520 $FC  0.0
IMPROPER 36603 36614 36606 36608 $FC -120.0
DIHEDRAL 36638 36641 36643 36645 $FC  0.0
IMPROPER 36728 36739 36731 36733 $FC -120.0
DIHEDRAL 36763 36766 36768 36770 $FC  0.0
IMPROPER 36853 36864 36856 36858 $FC -120.0
DIHEDRAL 36888 36891 36893 36895 $FC  0.0
IMPROPER 36978 36989 36981 36983 $FC -120.0
DIHEDRAL 37013 37016 37018 37020 $FC  0.0
IMPROPER 37103 37114 37106 37108 $FC -120.0
DIHEDRAL 37138 37141 37143 37145 $FC  0.0
IMPROPER 37228 37239 37231 37233 $FC -120.0
DIHEDRAL 37263 37266 37268 37270 $FC  0.0
IMPROPER 37353 37364 37356 37358 $FC -120.0
DIHEDRAL 37388 37391 37393 37395 $FC  0.0
IMPROPER 37478 37489 37481 37483 $FC -120.0
DIHEDRAL 37513 37516 37518 37520 $FC  0.0
IMPROPER 37603 37614 37606 37608 $FC -120.0
DIHEDRAL 37638 37641 37643 37645 $FC  0.0
IMPROPER 37728 37739 37731 37733 $FC -120.0
DIHEDRAL 37763 37766 37768 37770 $FC  0.0
IMPROPER 37853 37864 37856 37858 $FC -120.0
DIHEDRAL 37888 37891 37893 37895 $FC  0.0
IMPROPER 37978 37989 37981 37983 $FC -120.0
DIHEDRAL 38013 38016 38018 38020 $FC  0.0
IMPROPER 38103 38114 38106 38108 $FC -120.0
DIHEDRAL 38138 38141 38143 38145 $FC  0.0
IMPROPER 38228 38239 38231 38233 $FC -120.0
DIHEDRAL 38263 38266 38268 38270 $FC  0.0
IMPROPER 38353 38364 38356 38358 $FC -120.0
DIHEDRAL 38388 38391 38393 38395 $FC  0.0
IMPROPER 38478 38489 38481 38483 $FC -120.0
DIHEDRAL 38513 38516 38518 38520 $FC  0.0
IMPROPER 38603 38614 38606 38608 $FC -120.0
DIHEDRAL 38638 38641 38643 38645 $FC  0.0
IMPROPER 38728 38739 38731 38733 $FC -120.0
DIHEDRAL 38763 38766 38768 38770 $FC  0.0
IMPROPER 38853 38864 38856 38858 $FC -120.0
DIHEDRAL 38888 38891 38893 38895 $FC  0.0
IMPROPER 38978 38989 38981 38983 $FC -120.0
DIHEDRAL 39013 39016 39018 39020 $FC  0.0
IMPROPER 39103 39114 39106 39108 $FC -120.0
DIHEDRAL 39138 39141 39143 39145 $FC  0.0
IMPROPER 39228 39239 39231 39233 $FC -120.0
DIHEDRAL 39263 39266 39268 39270 $FC  0.0
IMPROPER 39353 39364 39356 39358 $FC -120.0
DIHEDRAL 39388 39391 39393 39395 $FC  0.0
IMPROPER 39478 39489 39481 39483 $FC -120.0
DIHEDRAL 39513 39516 39518 39520 $FC  0.0
IMPROPER 39603 39614 39606 39608 $FC -120.0
DIHEDRAL 39638 39641 39643 39645 $FC  0.0
IMPROPER 39728 39739 39731 39733 $FC -120.0
DIHEDRAL 39763 39766 39768 39770 $FC  0.0
IMPROPER 39853 39864 39856 39858 $FC -120.0
DIHEDRAL 39888 39891 39893 39895 $FC  0.0
IMPROPER 39978 39989 39981 39983 $FC -120.0
DIHEDRAL 40013 40016 40018 40020 $FC  0.0
IMPROPER 40103 40114 40106 40108 $FC -120.0
DIHEDRAL 40138 40141 40143 40145 $FC  0.0
IMPROPER 40228 40239 40231 40233 $FC -120.0
DIHEDRAL 40263 40266 40268 40270 $FC  0.0
IMPROPER 40353 40364 40356 40358 $FC -120.0
DIHEDRAL 40388 40391 40393 40395 $FC  0.0
IMPROPER 40478 40489 40481 40483 $FC -120.0
DIHEDRAL 40513 40516 40518 40520 $FC  0.0
IMPROPER 40603 40614 40606 40608 $FC -120.0
DIHEDRAL 40638 40641 40643 40645 $FC  0.0
IMPROPER 40728 40739 40731 40733 $FC -120.0
DIHEDRAL 40763 40766 40768 40770 $FC  0.0
IMPROPER 40853 40864 40856 40858 $FC -120.0
DIHEDRAL 40888 40891 40893 40895 $FC  0.0
IMPROPER 40978 40989 40981 40983 $FC -120.0
DIHEDRAL 41013 41016 41018 41020 $FC  0.0
IMPROPER 41103 41114 41106 41108 $FC -120.0
DIHEDRAL 41138 41141 41143 41145 $FC  0.0
IMPROPER 41228 41239 41231 41233 $FC -120.0
DIHEDRAL 41263 41266 41268 41270 $FC  0.0
IMPROPER 41353 41364 41356 41358 $FC -120.0
DIHEDRAL 41388 41391 41393 41395 $FC  0.0
IMPROPER 41478 41489 41481 41483 $FC -120.0
DIHEDRAL 41513 41516 41518 41520 $FC  0.0
IMPROPER 41603 41614 41606 41608 $FC -120.0
DIHEDRAL 41638 41641 41643 41645 $FC  0.0
IMPROPER 41728 41739 41731 41733 $FC -120.0
DIHEDRAL 41763 41766 41768 41770 $FC  0.0
IMPROPER 41853 41864 41856 41858 $FC -120.0
DIHEDRAL 41888 41891 41893 41895 $FC  0.0
IMPROPER 41978 41989 41981 41983 $FC -120.0
DIHEDRAL 42013 42016 42018 42020 $FC  0.0
IMPROPER 42103 42114 42106 42108 $FC -120.0
DIHEDRAL 42138 42141 42143 42145 $FC  0.0
IMPROPER 42228 42239 42231 42233 $FC -120.0
DIHEDRAL 42263 42266 42268 42270 $FC  0.0
IMPROPER 42353 42364 42356 42358 $FC -120.0
DIHEDRAL 42388 42391 42393 42395 $FC  0.0
IMPROPER 42478 42489 42481 42483 $FC -120.0
DIHEDRAL 42513 42516 42518 42520 $FC  0.0
IMPROPER 42603 42614 42606 42608 $FC -120.0
DIHEDRAL 42638 42641 42643 42645 $FC  0.0
IMPROPER 42728 42739 42731 42733 $FC -120.0
DIHEDRAL 42763 42766 42768 42770 $FC  0.0
IMPROPER 42853 42864 42856 42858 $FC -120.0
DIHEDRAL 42888 42891 42893 42895 $FC  0.0
IMPROPER 42978 42989 42981 42983 $FC -120.0
DIHEDRAL 43013 43016 43018 43020 $FC  0.0
IMPROPER 43103 43114 43106 43108 $FC -120.0
DIHEDRAL 43138 43141 43143 43145 $FC  0.0
IMPROPER 43228 43239 43231 43233 $FC -120.0
DIHEDRAL 43263 43266 43268 43270 $FC  0.0
IMPROPER 43353 43364 43356 43358 $FC -120.0
DIHEDRAL 43388 43391 43393 43395 $FC  0.0
IMPROPER 43478 43489 43481 43483 $FC -120.0
DIHEDRAL 43513 43516 43518 43520 $FC  0.0
IMPROPER 43603 43614 43606 43608 $FC -120.0
DIHEDRAL 43638 43641 43643 43645 $FC  0.0
IMPROPER 43728 43739 43731 43733 $FC -120.0
DIHEDRAL 43763 43766 43768 43770 $FC  0.0
IMPROPER 43853 43864 43856 43858 $FC -120.0
DIHEDRAL 43888 43891 43893 43895 $FC  0.0
IMPROPER 43978 43989 43981 43983 $FC -120.0
DIHEDRAL 44013 44016 44018 44020 $FC  0.0
IMPROPER 44103 44114 44106 44108 $FC -120.0
DIHEDRAL 44138 44141 44143 44145 $FC  0.0
IMPROPER 44228 44239 44231 44233 $FC -120.0
DIHEDRAL 44263 44266 44268 44270 $FC  0.0
IMPROPER 44353 44364 44356 44358 $FC -120.0
DIHEDRAL 44388 44391 44393 44395 $FC  0.0
IMPROPER 44478 44489 44481 44483 $FC -120.0
DIHEDRAL 44513 44516 44518 44520 $FC  0.0
IMPROPER 44603 44614 44606 44608 $FC -120.0
DIHEDRAL 44638 44641 44643 44645 $FC  0.0
IMPROPER 44728 44739 44731 44733 $FC -120.0
DIHEDRAL 44763 44766 44768 44770 $FC  0.0
IMPROPER 44853 44864 44856 44858 $FC -120.0
DIHEDRAL 44888 44891 44893 44895 $FC  0.0
IMPROPER 44978 44989 44981 44983 $FC -120.0
DIHEDRAL 45013 45016 45018 45020 $FC  0.0
IMPROPER 45103 45114 45106 45108 $FC -120.0
DIHEDRAL 45138 45141 45143 45145 $FC  0.0
IMPROPER 45228 45239 45231 45233 $FC -120.0
DIHEDRAL 45263 45266 45268 45270 $FC  0.0
IMPROPER 45353 45364 45356 45358 $FC -120.0
DIHEDRAL 45388 45391 45393 45395 $FC  0.0
IMPROPER 45478 45489 45481 45483 $FC -120.0
DIHEDRAL 45513 45516 45518 45520 $FC  0.0
IMPROPER 45603 45614 45606 45608 $FC -120.0
DIHEDRAL 45638 45641 45643 45645 $FC  0.0
IMPROPER 45728 45739 45731 45733 $FC -120.0
DIHEDRAL 45763 45766 45768 45770 $FC  0.0
IMPROPER 45853 45864 45856 45858 $FC -120.0
DIHEDRAL 45888 45891 45893 45895 $FC  0.0
IMPROPER 45978 45989 45981 45983 $FC -120.0
DIHEDRAL 46013 46016 46018 46020 $FC  0.0
IMPROPER 46103 46114 46106 46108 $FC -120.0
DIHEDRAL 46138 46141 46143 46145 $FC  0.0
IMPROPER 46228 46239 46231 46233 $FC -120.0
DIHEDRAL 46263 46266 46268 46270 $FC  0.0
IMPROPER 46353 46364 46356 46358 $FC -120.0
DIHEDRAL 46388 46391 46393 46395 $FC  0.0
IMPROPER 46478 46489 46481 46483 $FC -120.0
DIHEDRAL 46513 46516 46518 46520 $FC  0.0
IMPROPER 46603 46614 46606 46608 $FC -120.0
DIHEDRAL 46638 46641 46643 46645 $FC  0.0
IMPROPER 46728 46739 46731 46733 $FC -120.0
DIHEDRAL 46763 46766 46768 46770 $FC  0.0
IMPROPER 46853 46864 46856 46858 $FC -120.0
DIHEDRAL 46888 46891 46893 46895 $FC  0.0
IMPROPER 46978 46989 46981 46983 $FC -120.0
DIHEDRAL 47013 47016 47018 47020 $FC  0.0
IMPROPER 47103 47114 47106 47108 $FC -120.0
DIHEDRAL 47138 47141 47143 47145 $FC  0.0
IMPROPER 47228 47239 47231 47233 $FC -120.0
DIHEDRAL 47263 47266 47268 47270 $FC  0.0
IMPROPER 47353 47364 47356 47358 $FC -120.0
DIHEDRAL 47388 47391 47393 47395 $FC  0.0
IMPROPER 47478 47489 47481 47483 $FC -120.0
DIHEDRAL 47513 47516 47518 47520 $FC  0.0
IMPROPER 47603 47614 47606 47608 $FC -120.0
DIHEDRAL 47638 47641 47643 47645 $FC  0.0
IMPROPER 47728 47739 47731 47733 $FC -120.0
DIHEDRAL 47763 47766 47768 47770 $FC  0.0
IMPROPER 47853 47864 47856 47858 $FC -120.0
DIHEDRAL 47888 47891 47893 47895 $FC  0.0
IMPROPER 47978 47989 47981 47983 $FC -120.0
DIHEDRAL 48013 48016 48018 48020 $FC  0.0
IMPROPER 48103 48114 48106 48108 $FC -120.0
DIHEDRAL 48138 48141 48143 48145 $FC  0.0
IMPROPER 48228 48239 48231 48233 $FC -120.0
DIHEDRAL 48263 48266 48268 48270 $FC  0.0
IMPROPER 48353 48364 48356 48358 $FC -120.0
DIHEDRAL 48388 48391 48393 48395 $FC  0.0
IMPROPER 48478 48489 48481 48483 $FC -120.0
DIHEDRAL 48513 48516 48518 48520 $FC  0.0
IMPROPER 48603 48614 48606 48608 $FC -120.0
DIHEDRAL 48638 48641 48643 48645 $FC  0.0
IMPROPER 48728 48739 48731 48733 $FC -120.0
DIHEDRAL 48763 48766 48768 48770 $FC  0.0
IMPROPER 48853 48864 48856 48858 $FC -120.0
DIHEDRAL 48888 48891 48893 48895 $FC  0.0
IMPROPER 48978 48989 48981 48983 $FC -120.0
DIHEDRAL 49013 49016 49018 49020 $FC  0.0
IMPROPER 49103 49114 49106 49108 $FC -120.0
DIHEDRAL 49138 49141 49143 49145 $FC  0.0
IMPROPER 49228 49239 49231 49233 $FC -120.0
DIHEDRAL 49263 49266 49268 49270 $FC  0.0
IMPROPER 49353 49364 49356 49358 $FC -120.0
DIHEDRAL 49388 49391 49393 49395 $FC  0.0
IMPROPER 49478 49489 49481 49483 $FC -120.0
DIHEDRAL 49513 49516 49518 49520 $FC  0.0
IMPROPER 49603 49614 49606 49608 $FC -120.0
DIHEDRAL 49638 49641 49643 49645 $FC  0.0
IMPROPER 49728 49739 49731 49733 $FC -120.0
DIHEDRAL 49763 49766 49768 49770 $FC  0.0
IMPROPER 49853 49864 49856 49858 $FC -120.0
DIHEDRAL 49888 49891 49893 49895 $FC  0.0
IMPROPER 49978 49989 49981 49983 $FC -120.0
DIHEDRAL 50013 50016 50018 50020 $FC  0.0
IMPROPER 50103 50114 50106 50108 $FC -120.0
DIHEDRAL 50138 50141 50143 50145 $FC  0.0
IMPROPER 50228 50239 50231 50233 $FC -120.0
DIHEDRAL 50263 50266 50268 50270 $FC  0.0
IMPROPER 50353 50364 50356 50358 $FC -120.0
DIHEDRAL 50388 50391 50393 50395 $FC  0.0
IMPROPER 50478 50489 50481 50483 $FC -120.0
DIHEDRAL 50513 50516 50518 50520 $FC  0.0
IMPROPER 50603 50614 50606 50608 $FC -120.0
DIHEDRAL 50638 50641 50643 50645 $FC  0.0
IMPROPER 50728 50739 50731 50733 $FC -120.0
DIHEDRAL 50763 50766 50768 50770 $FC  0.0
IMPROPER 50853 50864 50856 50858 $FC -120.0
DIHEDRAL 50888 50891 50893 50895 $FC  0.0
IMPROPER 50978 50989 50981 50983 $FC -120.0
DIHEDRAL 51013 51016 51018 51020 $FC  0.0
IMPROPER 51103 51114 51106 51108 $FC -120.0
DIHEDRAL 51138 51141 51143 51145 $FC  0.0
IMPROPER 51228 51239 51231 51233 $FC -120.0
DIHEDRAL 51263 51266 51268 51270 $FC  0.0
IMPROPER 51353 51364 51356 51358 $FC -120.0
DIHEDRAL 51388 51391 51393 51395 $FC  0.0
IMPROPER 51478 51489 51481 51483 $FC -120.0
DIHEDRAL 51513 51516 51518 51520 $FC  0.0
IMPROPER 51603 51614 51606 51608 $FC -120.0
DIHEDRAL 51638 51641 51643 51645 $FC  0.0
