IMPROPER 19747 19758 19750 19752 $FC -120.0
DIHEDRAL 19782 19785 19787 19789 $FC  0.0
IMPROPER 19872 19883 19875 19877 $FC -120.0
DIHEDRAL 19907 19910 19912 19914 $FC  0.0
IMPROPER 19997 20008 20000 20002 $FC -120.0
DIHEDRAL 20032 20035 20037 20039 $FC  0.0
IMPROPER 20122 20133 20125 20127 $FC -120.0
DIHEDRAL 20157 20160 20162 20164 $FC  0.0
IMPROPER 20247 20258 20250 20252 $FC -120.0
DIHEDRAL 20282 20285 20287 20289 $FC  0.0
IMPROPER 20372 20383 20375 20377 $FC -120.0
DIHEDRAL 20407 20410 20412 20414 $FC  0.0
IMPROPER 20497 20508 20500 20502 $FC -120.0
DIHEDRAL 20532 20535 20537 20539 $FC  0.0
IMPROPER 20622 20633 20625 20627 $FC -120.0
DIHEDRAL 20657 20660 20662 20664 $FC  0.0
IMPROPER 20747 20758 20750 20752 $FC -120.0
DIHEDRAL 20782 20785 20787 20789 $FC  0.0
IMPROPER 20872 20883 20875 20877 $FC -120.0
DIHEDRAL 20907 20910 20912 20914 $FC  0.0
IMPROPER 20997 21008 21000 21002 $FC -120.0
DIHEDRAL 21032 21035 21037 21039 $FC  0.0
IMPROPER 21122 21133 21125 21127 $FC -120.0
DIHEDRAL 21157 21160 21162 21164 $FC  0.0
IMPROPER 21247 21258 21250 21252 $FC -120.0
DIHEDRAL 21282 21285 21287 21289 $FC  0.0
IMPROPER 21372 21383 21375 21377 $FC -120.0
DIHEDRAL 21407 21410 21412 21414 $FC  0.0
IMPROPER 21497 21508 21500 21502 $FC -120.0
DIHEDRAL 21532 21535 21537 21539 $FC  0.0
IMPROPER 21622 21633 21625 21627 $FC -120.0
DIHEDRAL 21657 21660 21662 21664 $FC  0.0
IMPROPER 21747 21758 21750 21752 $FC -120.0
DIHEDRAL 21782 21785 21787 21789 $FC  0.0
IMPROPER 21872 21883 21875 21877 $FC -120.0
DIHEDRAL 21907 21910 21912 21914 $FC  0.0
IMPROPER 21997 22008 22000 22002 $FC -120.0
DIHEDRAL 22032 22035 22037 22039 $FC  0.0
IMPROPER 22122 22133 22125 22127 $FC -120.0
DIHEDRAL 22157 22160 22162 22164 $FC  0.0
IMPROPER 22247 22258 22250 22252 $FC -120.0
DIHEDRAL 22282 22285 22287 22289 $FC  0.0
IMPROPER 22372 22383 22375 22377 $FC -120.0
DIHEDRAL 22407 22410 22412 22414 $FC  0.0
IMPROPER 22497 22508 22500 22502 $FC -120.0
DIHEDRAL 22532 22535 22537 22539 $FC  0.0
IMPROPER 22622 22633 22625 22627 $FC -120.0
DIHEDRAL 22657 22660 22662 22664 $FC  0.0
IMPROPER 22747 22758 22750 22752 $FC -120.0
DIHEDRAL 22782 22785 22787 22789 $FC  0.0
IMPROPER 22872 22883 22875 22877 $FC -120.0
DIHEDRAL 22907 22910 22912 22914 $FC  0.0
IMPROPER 22997 23008 23000 23002 $FC -120.0
DIHEDRAL 23032 23035 23037 23039 $FC  0.0
IMPROPER 23122 23133 23125 23127 $FC -120.0
DIHEDRAL 23157 23160 23162 23164 $FC  0.0
IMPROPER 23247 23258 23250 23252 $FC -120.0
DIHEDRAL 23282 23285 23287 23289 $FC  0.0
IMPROPER 23372 23383 23375 23377 $FC -120.0
DIHEDRAL 23407 23410 23412 23414 $FC  0.0
IMPROPER 23497 23508 23500 23502 $FC -120.0
DIHEDRAL 23532 23535 23537 23539 $FC  0.0
IMPROPER 23622 23633 23625 23627 $FC -120.0
DIHEDRAL 23657 23660 23662 23664 $FC  0.0
IMPROPER 23747 23758 23750 23752 $FC -120.0
DIHEDRAL 23782 23785 23787 23789 $FC  0.0
IMPROPER 23872 23883 23875 23877 $FC -120.0
DIHEDRAL 23907 23910 23912 23914 $FC  0.0
IMPROPER 23997 24008 24000 24002 $FC -120.0
DIHEDRAL 24032 24035 24037 24039 $FC  0.0
IMPROPER 24122 24133 24125 24127 $FC -120.0
DIHEDRAL 24157 24160 24162 24164 $FC  0.0
IMPROPER 24247 24258 24250 24252 $FC -120.0
DIHEDRAL 24282 24285 24287 24289 $FC  0.0
IMPROPER 24372 24383 24375 24377 $FC -120.0
DIHEDRAL 24407 24410 24412 24414 $FC  0.0
IMPROPER 24497 24508 24500 24502 $FC -120.0
DIHEDRAL 24532 24535 24537 24539 $FC  0.0
IMPROPER 24622 24633 24625 24627 $FC -120.0
DIHEDRAL 24657 24660 24662 24664 $FC  0.0
IMPROPER 24747 24758 24750 24752 $FC -120.0
DIHEDRAL 24782 24785 24787 24789 $FC  0.0
IMPROPER 24872 24883 24875 24877 $FC -120.0
DIHEDRAL 24907 24910 24912 24914 $FC  0.0
IMPROPER 24997 25008 25000 25002 $FC -120.0
DIHEDRAL 25032 25035 25037 25039 $FC  0.0
IMPROPER 25122 25133 25125 25127 $FC -120.0
DIHEDRAL 25157 25160 25162 25164 $FC  0.0
IMPROPER 25247 25258 25250 25252 $FC -120.0
DIHEDRAL 25282 25285 25287 25289 $FC  0.0
IMPROPER 25372 25383 25375 25377 $FC -120.0
DIHEDRAL 25407 25410 25412 25414 $FC  0.0
IMPROPER 25497 25508 25500 25502 $FC -120.0
DIHEDRAL 25532 25535 25537 25539 $FC  0.0
IMPROPER 25622 25633 25625 25627 $FC -120.0
DIHEDRAL 25657 25660 25662 25664 $FC  0.0
IMPROPER 25747 25758 25750 25752 $FC -120.0
DIHEDRAL 25782 25785 25787 25789 $FC  0.0
IMPROPER 25872 25883 25875 25877 $FC -120.0
DIHEDRAL 25907 25910 25912 25914 $FC  0.0
IMPROPER 25997 26008 26000 26002 $FC -120.0
DIHEDRAL 26032 26035 26037 26039 $FC  0.0
IMPROPER 26122 26133 26125 26127 $FC -120.0
DIHEDRAL 26157 26160 26162 26164 $FC  0.0
IMPROPER 26247 26258 26250 26252 $FC -120.0
DIHEDRAL 26282 26285 26287 26289 $FC  0.0
IMPROPER 26372 26383 26375 26377 $FC -120.0
DIHEDRAL 26407 26410 26412 26414 $FC  0.0
IMPROPER 26497 26508 26500 26502 $FC -120.0
DIHEDRAL 26532 26535 26537 26539 $FC  0.0
IMPROPER 26622 26633 26625 26627 $FC -120.0
DIHEDRAL 26657 26660 26662 26664 $FC  0.0
IMPROPER 26747 26758 26750 26752 $FC -120.0
DIHEDRAL 26782 26785 26787 26789 $FC  0.0
IMPROPER 26872 26883 26875 26877 $FC -120.0
DIHEDRAL 26907 26910 26912 26914 $FC  0.0
IMPROPER 26997 27008 27000 27002 $FC -120.0
DIHEDRAL 27032 27035 27037 27039 $FC  0.0
IMPROPER 27122 27133 27125 27127 $FC -120.0
DIHEDRAL 27157 27160 27162 27164 $FC  0.0
IMPROPER 27247 27258 27250 27252 $FC -120.0
DIHEDRAL 27282 27285 27287 27289 $FC  0.0
IMPROPER 27372 27383 27375 27377 $FC -120.0
DIHEDRAL 27407 27410 27412 27414 $FC  0.0
IMPROPER 27497 27508 27500 27502 $FC -120.0
DIHEDRAL 27532 27535 27537 27539 $FC  0.0
IMPROPER 27622 27633 27625 27627 $FC -120.0
DIHEDRAL 27657 27660 27662 27664 $FC  0.0
IMPROPER 27747 27758 27750 27752 $FC -120.0
DIHEDRAL 27782 27785 27787 27789 $FC  0.0
IMPROPER 27872 27883 27875 27877 $FC -120.0
DIHEDRAL 27907 27910 27912 27914 $FC  0.0
IMPROPER 27997 28008 28000 28002 $FC -120.0
DIHEDRAL 28032 28035 28037 28039 $FC  0.0
IMPROPER 28122 28133 28125 28127 $FC -120.0
DIHEDRAL 28157 28160 28162 28164 $FC  0.0
IMPROPER 28247 28258 28250 28252 $FC -120.0
DIHEDRAL 28282 28285 28287 28289 $FC  0.0
IMPROPER 28372 28383 28375 28377 $FC -120.0
DIHEDRAL 28407 28410 28412 28414 $FC  0.0
IMPROPER 28497 28508 28500 28502 $FC -120.0
DIHEDRAL 28532 28535 28537 28539 $FC  0.0
IMPROPER 28622 28633 28625 28627 $FC -120.0
DIHEDRAL 28657 28660 28662 28664 $FC  0.0
IMPROPER 28747 28758 28750 28752 $FC -120.0
DIHEDRAL 28782 28785 28787 28789 $FC  0.0
IMPROPER 28872 28883 28875 28877 $FC -120.0
DIHEDRAL 28907 28910 28912 28914 $FC  0.0
IMPROPER 28997 29008 29000 29002 $FC -120.0
DIHEDRAL 29032 29035 29037 29039 $FC  0.0
IMPROPER 29122 29133 29125 29127 $FC -120.0
DIHEDRAL 29157 29160 29162 29164 $FC  0.0
IMPROPER 29247 29258 29250 29252 $FC -120.0
DIHEDRAL 29282 29285 29287 29289 $FC  0.0
IMPROPER 29372 29383 29375 29377 $FC -120.0
DIHEDRAL 29407 29410 29412 29414 $FC  0.0
IMPROPER 29497 29508 29500 29502 $FC -120.0
DIHEDRAL 29532 29535 29537 29539 $FC  0.0
IMPROPER 29622 29633 29625 29627 $FC -120.0
DIHEDRAL 29657 29660 29662 29664 $FC  0.0
IMPROPER 29747 29758 29750 29752 $FC -120.0
DIHEDRAL 29782 29785 29787 29789 $FC  0.0
IMPROPER 29872 29883 29875 29877 $FC -120.0
DIHEDRAL 29907 29910 29912 29914 $FC  0.0
IMPROPER 29997 30008 30000 30002 $FC -120.0
DIHEDRAL 30032 30035 30037 30039 $FC  0.0
IMPROPER 30122 30133 30125 30127 $FC -120.0
DIHEDRAL 30157 30160 30162 30164 $FC  0.0
IMPROPER 30247 30258 30250 30252 $FC -120.0
DIHEDRAL 30282 30285 30287 30289 $FC  0.0
IMPROPER 30372 30383 30375 30377 $FC -120.0
DIHEDRAL 30407 30410 30412 30414 $FC  0.0
IMPROPER 30497 30508 30500 30502 $FC -120.0
DIHEDRAL 30532 30535 30537 30539 $FC  0.0
IMPROPER 30622 30633 30625 30627 $FC -120.0
DIHEDRAL 30657 30660 30662 30664 $FC  0.0
IMPROPER 30747 30758 30750 30752 $FC -120.0
DIHEDRAL 30782 30785 30787 30789 $FC  0.0
IMPROPER 30872 30883 30875 30877 $FC -120.0
DIHEDRAL 30907 30910 30912 30914 $FC  0.0
IMPROPER 30997 31008 31000 31002 $FC -120.0
DIHEDRAL 31032 31035 31037 31039 $FC  0.0
IMPROPER 31122 31133 31125 31127 $FC -120.0
DIHEDRAL 31157 31160 31162 31164 $FC  0.0
IMPROPER 31247 31258 31250 31252 $FC -120.0
DIHEDRAL 31282 31285 31287 31289 $FC  0.0
IMPROPER 31372 31383 31375 31377 $FC -120.0
DIHEDRAL 31407 31410 31412 31414 $FC  0.0
IMPROPER 31497 31508 31500 31502 $FC -120.0
DIHEDRAL 31532 31535 31537 31539 $FC  0.0
IMPROPER 31622 31633 31625 31627 $FC -120.0
DIHEDRAL 31657 31660 31662 31664 $FC  0.0
IMPROPER 31747 31758 31750 31752 $FC -120.0
DIHEDRAL 31782 31785 31787 31789 $FC  0.0
IMPROPER 31872 31883 31875 31877 $FC -120.0
DIHEDRAL 31907 31910 31912 31914 $FC  0.0
IMPROPER 31997 32008 32000 32002 $FC -120.0
DIHEDRAL 32032 32035 32037 32039 $FC  0.0
IMPROPER 32122 32133 32125 32127 $FC -120.0
DIHEDRAL 32157 32160 32162 32164 $FC  0.0
IMPROPER 32247 32258 32250 32252 $FC -120.0
DIHEDRAL 32282 32285 32287 32289 $FC  0.0
IMPROPER 32372 32383 32375 32377 $FC -120.0
DIHEDRAL 32407 32410 32412 32414 $FC  0.0
IMPROPER 32497 32508 32500 32502 $FC -120.0
DIHEDRAL 32532 32535 32537 32539 $FC  0.0
IMPROPER 32622 32633 32625 32627 $FC -120.0
DIHEDRAL 32657 32660 32662 32664 $FC  0.0
IMPROPER 32747 32758 32750 32752 $FC -120.0
DIHEDRAL 32782 32785 32787 32789 $FC  0.0
IMPROPER 32872 32883 32875 32877 $FC -120.0
DIHEDRAL 32907 32910 32912 32914 $FC  0.0
IMPROPER 32997 33008 33000 33002 $FC -120.0
DIHEDRAL 33032 33035 33037 33039 $FC  0.0
IMPROPER 33122 33133 33125 33127 $FC -120.0
DIHEDRAL 33157 33160 33162 33164 $FC  0.0
IMPROPER 33247 33258 33250 33252 $FC -120.0
DIHEDRAL 33282 33285 33287 33289 $FC  0.0
IMPROPER 33372 33383 33375 33377 $FC -120.0
DIHEDRAL 33407 33410 33412 33414 $FC  0.0
IMPROPER 33497 33508 33500 33502 $FC -120.0
DIHEDRAL 33532 33535 33537 33539 $FC  0.0
IMPROPER 33622 33633 33625 33627 $FC -120.0
DIHEDRAL 33657 33660 33662 33664 $FC  0.0
IMPROPER 33747 33758 33750 33752 $FC -120.0
DIHEDRAL 33782 33785 33787 33789 $FC  0.0
IMPROPER 33872 33883 33875 33877 $FC -120.0
DIHEDRAL 33907 33910 33912 33914 $FC  0.0
IMPROPER 33997 34008 34000 34002 $FC -120.0
DIHEDRAL 34032 34035 34037 34039 $FC  0.0
IMPROPER 34122 34133 34125 34127 $FC -120.0
DIHEDRAL 34157 34160 34162 34164 $FC  0.0
IMPROPER 34247 34258 34250 34252 $FC -120.0
DIHEDRAL 34282 34285 34287 34289 $FC  0.0
IMPROPER 34372 34383 34375 34377 $FC -120.0
DIHEDRAL 34407 34410 34412 34414 $FC  0.0
IMPROPER 34497 34508 34500 34502 $FC -120.0
DIHEDRAL 34532 34535 34537 34539 $FC  0.0
IMPROPER 34622 34633 34625 34627 $FC -120.0
DIHEDRAL 34657 34660 34662 34664 $FC  0.0
IMPROPER 34747 34758 34750 34752 $FC -120.0
DIHEDRAL 34782 34785 34787 34789 $FC  0.0
IMPROPER 34872 34883 34875 34877 $FC -120.0
DIHEDRAL 34907 34910 34912 34914 $FC  0.0
IMPROPER 34997 35008 35000 35002 $FC -120.0
DIHEDRAL 35032 35035 35037 35039 $FC  0.0
IMPROPER 35122 35133 35125 35127 $FC -120.0
DIHEDRAL 35157 35160 35162 35164 $FC  0.0
IMPROPER 35247 35258 35250 35252 $FC -120.0
DIHEDRAL 35282 35285 35287 35289 $FC  0.0
IMPROPER 35372 35383 35375 35377 $FC -120.0
DIHEDRAL 35407 35410 35412 35414 $FC  0.0
IMPROPER 35497 35508 35500 35502 $FC -120.0
DIHEDRAL 35532 35535 35537 35539 $FC  0.0
IMPROPER 35622 35633 35625 35627 $FC -120.0
DIHEDRAL 35657 35660 35662 35664 $FC  0.0
IMPROPER 35747 35758 35750 35752 $FC -120.0
DIHEDRAL 35782 35785 35787 35789 $FC  0.0
IMPROPER 35872 35883 35875 35877 $FC -120.0
DIHEDRAL 35907 35910 35912 35914 $FC  0.0
IMPROPER 35997 36008 36000 36002 $FC -120.0
DIHEDRAL 36032 36035 36037 36039 $FC  0.0
IMPROPER 36122 36133 36125 36127 $FC -120.0
DIHEDRAL 36157 36160 36162 36164 $FC  0.0
IMPROPER 36247 36258 36250 36252 $FC -120.0
DIHEDRAL 36282 36285 36287 36289 $FC  0.0
IMPROPER 36372 36383 36375 36377 $FC -120.0
DIHEDRAL 36407 36410 36412 36414 $FC  0.0
IMPROPER 36497 36508 36500 36502 $FC -120.0
DIHEDRAL 36532 36535 36537 36539 $FC  0.0
IMPROPER 36622 36633 36625 36627 $FC -120.0
DIHEDRAL 36657 36660 36662 36664 $FC  0.0
IMPROPER 36747 36758 36750 36752 $FC -120.0
DIHEDRAL 36782 36785 36787 36789 $FC  0.0
IMPROPER 36872 36883 36875 36877 $FC -120.0
DIHEDRAL 36907 36910 36912 36914 $FC  0.0
IMPROPER 36997 37008 37000 37002 $FC -120.0
DIHEDRAL 37032 37035 37037 37039 $FC  0.0
IMPROPER 37122 37133 37125 37127 $FC -120.0
DIHEDRAL 37157 37160 37162 37164 $FC  0.0
IMPROPER 37247 37258 37250 37252 $FC -120.0
DIHEDRAL 37282 37285 37287 37289 $FC  0.0
IMPROPER 37372 37383 37375 37377 $FC -120.0
DIHEDRAL 37407 37410 37412 37414 $FC  0.0
IMPROPER 37497 37508 37500 37502 $FC -120.0
DIHEDRAL 37532 37535 37537 37539 $FC  0.0
IMPROPER 37622 37633 37625 37627 $FC -120.0
DIHEDRAL 37657 37660 37662 37664 $FC  0.0
IMPROPER 37747 37758 37750 37752 $FC -120.0
DIHEDRAL 37782 37785 37787 37789 $FC  0.0
IMPROPER 37872 37883 37875 37877 $FC -120.0
DIHEDRAL 37907 37910 37912 37914 $FC  0.0
IMPROPER 37997 38008 38000 38002 $FC -120.0
DIHEDRAL 38032 38035 38037 38039 $FC  0.0
IMPROPER 38122 38133 38125 38127 $FC -120.0
DIHEDRAL 38157 38160 38162 38164 $FC  0.0
IMPROPER 38247 38258 38250 38252 $FC -120.0
DIHEDRAL 38282 38285 38287 38289 $FC  0.0
IMPROPER 38372 38383 38375 38377 $FC -120.0
DIHEDRAL 38407 38410 38412 38414 $FC  0.0
IMPROPER 38497 38508 38500 38502 $FC -120.0
DIHEDRAL 38532 38535 38537 38539 $FC  0.0
IMPROPER 38622 38633 38625 38627 $FC -120.0
DIHEDRAL 38657 38660 38662 38664 $FC  0.0
IMPROPER 38747 38758 38750 38752 $FC -120.0
DIHEDRAL 38782 38785 38787 38789 $FC  0.0
IMPROPER 38872 38883 38875 38877 $FC -120.0
DIHEDRAL 38907 38910 38912 38914 $FC  0.0
IMPROPER 38997 39008 39000 39002 $FC -120.0
DIHEDRAL 39032 39035 39037 39039 $FC  0.0
IMPROPER 39122 39133 39125 39127 $FC -120.0
DIHEDRAL 39157 39160 39162 39164 $FC  0.0
IMPROPER 39247 39258 39250 39252 $FC -120.0
DIHEDRAL 39282 39285 39287 39289 $FC  0.0
IMPROPER 39372 39383 39375 39377 $FC -120.0
DIHEDRAL 39407 39410 39412 39414 $FC  0.0
IMPROPER 39497 39508 39500 39502 $FC -120.0
DIHEDRAL 39532 39535 39537 39539 $FC  0.0
IMPROPER 39622 39633 39625 39627 $FC -120.0
DIHEDRAL 39657 39660 39662 39664 $FC  0.0
IMPROPER 39747 39758 39750 39752 $FC -120.0
DIHEDRAL 39782 39785 39787 39789 $FC  0.0
IMPROPER 39872 39883 39875 39877 $FC -120.0
DIHEDRAL 39907 39910 39912 39914 $FC  0.0
IMPROPER 39997 40008 40000 40002 $FC -120.0
DIHEDRAL 40032 40035 40037 40039 $FC  0.0
IMPROPER 40122 40133 40125 40127 $FC -120.0
DIHEDRAL 40157 40160 40162 40164 $FC  0.0
IMPROPER 40247 40258 40250 40252 $FC -120.0
DIHEDRAL 40282 40285 40287 40289 $FC  0.0
IMPROPER 40372 40383 40375 40377 $FC -120.0
DIHEDRAL 40407 40410 40412 40414 $FC  0.0
IMPROPER 40497 40508 40500 40502 $FC -120.0
DIHEDRAL 40532 40535 40537 40539 $FC  0.0
IMPROPER 40622 40633 40625 40627 $FC -120.0
DIHEDRAL 40657 40660 40662 40664 $FC  0.0
IMPROPER 40747 40758 40750 40752 $FC -120.0
DIHEDRAL 40782 40785 40787 40789 $FC  0.0
IMPROPER 40872 40883 40875 40877 $FC -120.0
DIHEDRAL 40907 40910 40912 40914 $FC  0.0
IMPROPER 40997 41008 41000 41002 $FC -120.0
DIHEDRAL 41032 41035 41037 41039 $FC  0.0
IMPROPER 41122 41133 41125 41127 $FC -120.0
DIHEDRAL 41157 41160 41162 41164 $FC  0.0
IMPROPER 41247 41258 41250 41252 $FC -120.0
DIHEDRAL 41282 41285 41287 41289 $FC  0.0
IMPROPER 41372 41383 41375 41377 $FC -120.0
DIHEDRAL 41407 41410 41412 41414 $FC  0.0
IMPROPER 41497 41508 41500 41502 $FC -120.0
DIHEDRAL 41532 41535 41537 41539 $FC  0.0
IMPROPER 41622 41633 41625 41627 $FC -120.0
DIHEDRAL 41657 41660 41662 41664 $FC  0.0
IMPROPER 41747 41758 41750 41752 $FC -120.0
DIHEDRAL 41782 41785 41787 41789 $FC  0.0
IMPROPER 41872 41883 41875 41877 $FC -120.0
DIHEDRAL 41907 41910 41912 41914 $FC  0.0
IMPROPER 41997 42008 42000 42002 $FC -120.0
DIHEDRAL 42032 42035 42037 42039 $FC  0.0
IMPROPER 42122 42133 42125 42127 $FC -120.0
DIHEDRAL 42157 42160 42162 42164 $FC  0.0
IMPROPER 42247 42258 42250 42252 $FC -120.0
DIHEDRAL 42282 42285 42287 42289 $FC  0.0
IMPROPER 42372 42383 42375 42377 $FC -120.0
DIHEDRAL 42407 42410 42412 42414 $FC  0.0
IMPROPER 42497 42508 42500 42502 $FC -120.0
DIHEDRAL 42532 42535 42537 42539 $FC  0.0
IMPROPER 42622 42633 42625 42627 $FC -120.0
DIHEDRAL 42657 42660 42662 42664 $FC  0.0
IMPROPER 42747 42758 42750 42752 $FC -120.0
DIHEDRAL 42782 42785 42787 42789 $FC  0.0
IMPROPER 42872 42883 42875 42877 $FC -120.0
DIHEDRAL 42907 42910 42912 42914 $FC  0.0
IMPROPER 42997 43008 43000 43002 $FC -120.0
DIHEDRAL 43032 43035 43037 43039 $FC  0.0
IMPROPER 43122 43133 43125 43127 $FC -120.0
DIHEDRAL 43157 43160 43162 43164 $FC  0.0
IMPROPER 43247 43258 43250 43252 $FC -120.0
DIHEDRAL 43282 43285 43287 43289 $FC  0.0
IMPROPER 43372 43383 43375 43377 $FC -120.0
DIHEDRAL 43407 43410 43412 43414 $FC  0.0
IMPROPER 43497 43508 43500 43502 $FC -120.0
DIHEDRAL 43532 43535 43537 43539 $FC  0.0
IMPROPER 43622 43633 43625 43627 $FC -120.0
DIHEDRAL 43657 43660 43662 43664 $FC  0.0
IMPROPER 43747 43758 43750 43752 $FC -120.0
DIHEDRAL 43782 43785 43787 43789 $FC  0.0
IMPROPER 43872 43883 43875 43877 $FC -120.0
DIHEDRAL 43907 43910 43912 43914 $FC  0.0
IMPROPER 43997 44008 44000 44002 $FC -120.0
DIHEDRAL 44032 44035 44037 44039 $FC  0.0
IMPROPER 44122 44133 44125 44127 $FC -120.0
DIHEDRAL 44157 44160 44162 44164 $FC  0.0
IMPROPER 44247 44258 44250 44252 $FC -120.0
DIHEDRAL 44282 44285 44287 44289 $FC  0.0
IMPROPER 44372 44383 44375 44377 $FC -120.0
DIHEDRAL 44407 44410 44412 44414 $FC  0.0
IMPROPER 44497 44508 44500 44502 $FC -120.0
DIHEDRAL 44532 44535 44537 44539 $FC  0.0
IMPROPER 44622 44633 44625 44627 $FC -120.0
DIHEDRAL 44657 44660 44662 44664 $FC  0.0
IMPROPER 44747 44758 44750 44752 $FC -120.0
DIHEDRAL 44782 44785 44787 44789 $FC  0.0
IMPROPER 44872 44883 44875 44877 $FC -120.0
DIHEDRAL 44907 44910 44912 44914 $FC  0.0
IMPROPER 44997 45008 45000 45002 $FC -120.0
DIHEDRAL 45032 45035 45037 45039 $FC  0.0
IMPROPER 45122 45133 45125 45127 $FC -120.0
DIHEDRAL 45157 45160 45162 45164 $FC  0.0
IMPROPER 45247 45258 45250 45252 $FC -120.0
DIHEDRAL 45282 45285 45287 45289 $FC  0.0
IMPROPER 45372 45383 45375 45377 $FC -120.0
DIHEDRAL 45407 45410 45412 45414 $FC  0.0
IMPROPER 45497 45508 45500 45502 $FC -120.0
DIHEDRAL 45532 45535 45537 45539 $FC  0.0
IMPROPER 45622 45633 45625 45627 $FC -120.0
DIHEDRAL 45657 45660 45662 45664 $FC  0.0
IMPROPER 45747 45758 45750 45752 $FC -120.0
DIHEDRAL 45782 45785 45787 45789 $FC  0.0
IMPROPER 45872 45883 45875 45877 $FC -120.0
DIHEDRAL 45907 45910 45912 45914 $FC  0.0
IMPROPER 45997 46008 46000 46002 $FC -120.0
DIHEDRAL 46032 46035 46037 46039 $FC  0.0
IMPROPER 46122 46133 46125 46127 $FC -120.0
DIHEDRAL 46157 46160 46162 46164 $FC  0.0
IMPROPER 46247 46258 46250 46252 $FC -120.0
DIHEDRAL 46282 46285 46287 46289 $FC  0.0
IMPROPER 46372 46383 46375 46377 $FC -120.0
DIHEDRAL 46407 46410 46412 46414 $FC  0.0
IMPROPER 46497 46508 46500 46502 $FC -120.0
DIHEDRAL 46532 46535 46537 46539 $FC  0.0
IMPROPER 46622 46633 46625 46627 $FC -120.0
DIHEDRAL 46657 46660 46662 46664 $FC  0.0
IMPROPER 46747 46758 46750 46752 $FC -120.0
DIHEDRAL 46782 46785 46787 46789 $FC  180.0
IMPROPER 46872 46883 46875 46877 $FC -120.0
DIHEDRAL 46907 46910 46912 46914 $FC  0.0
IMPROPER 46997 47008 47000 47002 $FC -120.0
DIHEDRAL 47032 47035 47037 47039 $FC  0.0
IMPROPER 47122 47133 47125 47127 $FC -120.0
DIHEDRAL 47157 47160 47162 47164 $FC  0.0
IMPROPER 47247 47258 47250 47252 $FC -120.0
DIHEDRAL 47282 47285 47287 47289 $FC  0.0
IMPROPER 47372 47383 47375 47377 $FC -120.0
DIHEDRAL 47407 47410 47412 47414 $FC  0.0
IMPROPER 47497 47508 47500 47502 $FC -120.0
DIHEDRAL 47532 47535 47537 47539 $FC  0.0
IMPROPER 47622 47633 47625 47627 $FC -120.0
DIHEDRAL 47657 47660 47662 47664 $FC  0.0
IMPROPER 47747 47758 47750 47752 $FC -120.0
DIHEDRAL 47782 47785 47787 47789 $FC  0.0
IMPROPER 47872 47883 47875 47877 $FC -120.0
DIHEDRAL 47907 47910 47912 47914 $FC  0.0
IMPROPER 47997 48008 48000 48002 $FC -120.0
DIHEDRAL 48032 48035 48037 48039 $FC  0.0
IMPROPER 48122 48133 48125 48127 $FC -120.0
DIHEDRAL 48157 48160 48162 48164 $FC  0.0
IMPROPER 48247 48258 48250 48252 $FC -120.0
DIHEDRAL 48282 48285 48287 48289 $FC  0.0
IMPROPER 48372 48383 48375 48377 $FC -120.0
DIHEDRAL 48407 48410 48412 48414 $FC  0.0
IMPROPER 48497 48508 48500 48502 $FC -120.0
DIHEDRAL 48532 48535 48537 48539 $FC  0.0
IMPROPER 48622 48633 48625 48627 $FC -120.0
DIHEDRAL 48657 48660 48662 48664 $FC  0.0
IMPROPER 48747 48758 48750 48752 $FC -120.0
DIHEDRAL 48782 48785 48787 48789 $FC  0.0
IMPROPER 48872 48883 48875 48877 $FC -120.0
DIHEDRAL 48907 48910 48912 48914 $FC  0.0
IMPROPER 48997 49008 49000 49002 $FC -120.0
DIHEDRAL 49032 49035 49037 49039 $FC  0.0
IMPROPER 49122 49133 49125 49127 $FC -120.0
DIHEDRAL 49157 49160 49162 49164 $FC  0.0
IMPROPER 49247 49258 49250 49252 $FC -120.0
DIHEDRAL 49282 49285 49287 49289 $FC  0.0
IMPROPER 49372 49383 49375 49377 $FC -120.0
DIHEDRAL 49407 49410 49412 49414 $FC  0.0
IMPROPER 49497 49508 49500 49502 $FC -120.0
DIHEDRAL 49532 49535 49537 49539 $FC  0.0
IMPROPER 49622 49633 49625 49627 $FC -120.0
DIHEDRAL 49657 49660 49662 49664 $FC  0.0
IMPROPER 49747 49758 49750 49752 $FC -120.0
DIHEDRAL 49782 49785 49787 49789 $FC  0.0
IMPROPER 49872 49883 49875 49877 $FC -120.0
DIHEDRAL 49907 49910 49912 49914 $FC  0.0
IMPROPER 49997 50008 50000 50002 $FC -120.0
DIHEDRAL 50032 50035 50037 50039 $FC  0.0
IMPROPER 50122 50133 50125 50127 $FC -120.0
DIHEDRAL 50157 50160 50162 50164 $FC  0.0
IMPROPER 50247 50258 50250 50252 $FC -120.0
DIHEDRAL 50282 50285 50287 50289 $FC  0.0
IMPROPER 50372 50383 50375 50377 $FC -120.0
DIHEDRAL 50407 50410 50412 50414 $FC  0.0
IMPROPER 50497 50508 50500 50502 $FC -120.0
DIHEDRAL 50532 50535 50537 50539 $FC  0.0
IMPROPER 50622 50633 50625 50627 $FC -120.0
DIHEDRAL 50657 50660 50662 50664 $FC  0.0
IMPROPER 50747 50758 50750 50752 $FC -120.0
DIHEDRAL 50782 50785 50787 50789 $FC  0.0
IMPROPER 50872 50883 50875 50877 $FC -120.0
DIHEDRAL 50907 50910 50912 50914 $FC  0.0
IMPROPER 50997 51008 51000 51002 $FC -120.0
DIHEDRAL 51032 51035 51037 51039 $FC  0.0
IMPROPER 51122 51133 51125 51127 $FC -120.0
DIHEDRAL 51157 51160 51162 51164 $FC  0.0
IMPROPER 51247 51258 51250 51252 $FC -120.0
DIHEDRAL 51282 51285 51287 51289 $FC  0.0
IMPROPER 51372 51383 51375 51377 $FC -120.0
DIHEDRAL 51407 51410 51412 51414 $FC  0.0
IMPROPER 51497 51508 51500 51502 $FC -120.0
DIHEDRAL 51532 51535 51537 51539 $FC  0.0
IMPROPER 51622 51633 51625 51627 $FC -120.0
DIHEDRAL 51657 51660 51662 51664 $FC  0.0
