 DIHEDRAL 19727 19730 19732 19734 $FC 0.0
 IMPROPER 19703 19692 19695 19697 $FC 120.0
 DIHEDRAL 19852 19855 19857 19859 $FC 0.0
 IMPROPER 19828 19817 19820 19822 $FC 120.0
 DIHEDRAL 19977 19980 19982 19984 $FC 0.0
 IMPROPER 19953 19942 19945 19947 $FC 120.0
 DIHEDRAL 20102 20105 20107 20109 $FC 0.0
 IMPROPER 20078 20067 20070 20072 $FC 120.0
 DIHEDRAL 20227 20230 20232 20234 $FC 0.0
 IMPROPER 20203 20192 20195 20197 $FC 120.0
 DIHEDRAL 20352 20355 20357 20359 $FC 0.0
 IMPROPER 20328 20317 20320 20322 $FC 120.0
 DIHEDRAL 20477 20480 20482 20484 $FC 0.0
 IMPROPER 20453 20442 20445 20447 $FC 120.0
 DIHEDRAL 20602 20605 20607 20609 $FC 0.0
 IMPROPER 20578 20567 20570 20572 $FC 120.0
 DIHEDRAL 20727 20730 20732 20734 $FC 0.0
 IMPROPER 20703 20692 20695 20697 $FC 120.0
 DIHEDRAL 20852 20855 20857 20859 $FC 0.0
 IMPROPER 20828 20817 20820 20822 $FC 120.0
 DIHEDRAL 20977 20980 20982 20984 $FC 0.0
 IMPROPER 20953 20942 20945 20947 $FC 120.0
 DIHEDRAL 21102 21105 21107 21109 $FC 0.0
 IMPROPER 21078 21067 21070 21072 $FC 120.0
 DIHEDRAL 21227 21230 21232 21234 $FC 0.0
 IMPROPER 21203 21192 21195 21197 $FC 120.0
 DIHEDRAL 21352 21355 21357 21359 $FC 0.0
 IMPROPER 21328 21317 21320 21322 $FC 120.0
 DIHEDRAL 21477 21480 21482 21484 $FC 0.0
 IMPROPER 21453 21442 21445 21447 $FC 120.0
 DIHEDRAL 21602 21605 21607 21609 $FC 0.0
 IMPROPER 21578 21567 21570 21572 $FC 120.0
 DIHEDRAL 21727 21730 21732 21734 $FC 0.0
 IMPROPER 21703 21692 21695 21697 $FC 120.0
 DIHEDRAL 21852 21855 21857 21859 $FC 0.0
 IMPROPER 21828 21817 21820 21822 $FC 120.0
 DIHEDRAL 21977 21980 21982 21984 $FC 0.0
 IMPROPER 21953 21942 21945 21947 $FC 120.0
 DIHEDRAL 22102 22105 22107 22109 $FC 0.0
 IMPROPER 22078 22067 22070 22072 $FC 120.0
 DIHEDRAL 22227 22230 22232 22234 $FC 0.0
 IMPROPER 22203 22192 22195 22197 $FC 120.0
 DIHEDRAL 22352 22355 22357 22359 $FC 0.0
 IMPROPER 22328 22317 22320 22322 $FC 120.0
 DIHEDRAL 22477 22480 22482 22484 $FC 0.0
 IMPROPER 22453 22442 22445 22447 $FC 120.0
 DIHEDRAL 22602 22605 22607 22609 $FC 0.0
 IMPROPER 22578 22567 22570 22572 $FC 120.0
 DIHEDRAL 22727 22730 22732 22734 $FC 0.0
 IMPROPER 22703 22692 22695 22697 $FC 120.0
 DIHEDRAL 22852 22855 22857 22859 $FC 0.0
 IMPROPER 22828 22817 22820 22822 $FC 120.0
 DIHEDRAL 22977 22980 22982 22984 $FC 0.0
 IMPROPER 22953 22942 22945 22947 $FC 120.0
 DIHEDRAL 23102 23105 23107 23109 $FC 0.0
 IMPROPER 23078 23067 23070 23072 $FC 120.0
 DIHEDRAL 23227 23230 23232 23234 $FC 0.0
 IMPROPER 23203 23192 23195 23197 $FC 120.0
 DIHEDRAL 23352 23355 23357 23359 $FC 0.0
 IMPROPER 23328 23317 23320 23322 $FC 120.0
 DIHEDRAL 23477 23480 23482 23484 $FC 0.0
 IMPROPER 23453 23442 23445 23447 $FC 120.0
 DIHEDRAL 23602 23605 23607 23609 $FC 0.0
 IMPROPER 23578 23567 23570 23572 $FC 120.0
 DIHEDRAL 23727 23730 23732 23734 $FC 0.0
 IMPROPER 23703 23692 23695 23697 $FC 120.0
 DIHEDRAL 23852 23855 23857 23859 $FC 0.0
 IMPROPER 23828 23817 23820 23822 $FC 120.0
 DIHEDRAL 23977 23980 23982 23984 $FC 0.0
 IMPROPER 23953 23942 23945 23947 $FC 120.0
 DIHEDRAL 24102 24105 24107 24109 $FC 0.0
 IMPROPER 24078 24067 24070 24072 $FC 120.0
 DIHEDRAL 24227 24230 24232 24234 $FC 0.0
 IMPROPER 24203 24192 24195 24197 $FC 120.0
 DIHEDRAL 24352 24355 24357 24359 $FC 0.0
 IMPROPER 24328 24317 24320 24322 $FC 120.0
 DIHEDRAL 24477 24480 24482 24484 $FC 0.0
 IMPROPER 24453 24442 24445 24447 $FC 120.0
 DIHEDRAL 24602 24605 24607 24609 $FC 0.0
 IMPROPER 24578 24567 24570 24572 $FC 120.0
 DIHEDRAL 24727 24730 24732 24734 $FC 0.0
 IMPROPER 24703 24692 24695 24697 $FC 120.0
 DIHEDRAL 24852 24855 24857 24859 $FC 0.0
 IMPROPER 24828 24817 24820 24822 $FC 120.0
 DIHEDRAL 24977 24980 24982 24984 $FC 0.0
 IMPROPER 24953 24942 24945 24947 $FC 120.0
 DIHEDRAL 25102 25105 25107 25109 $FC 0.0
 IMPROPER 25078 25067 25070 25072 $FC 120.0
 DIHEDRAL 25227 25230 25232 25234 $FC 0.0
 IMPROPER 25203 25192 25195 25197 $FC 120.0
 DIHEDRAL 25352 25355 25357 25359 $FC 0.0
 IMPROPER 25328 25317 25320 25322 $FC 120.0
 DIHEDRAL 25477 25480 25482 25484 $FC 0.0
 IMPROPER 25453 25442 25445 25447 $FC 120.0
 DIHEDRAL 25602 25605 25607 25609 $FC 0.0
 IMPROPER 25578 25567 25570 25572 $FC 120.0
 DIHEDRAL 25727 25730 25732 25734 $FC 0.0
 IMPROPER 25703 25692 25695 25697 $FC 120.0
 DIHEDRAL 25852 25855 25857 25859 $FC 0.0
 IMPROPER 25828 25817 25820 25822 $FC 120.0
 DIHEDRAL 25977 25980 25982 25984 $FC 0.0
 IMPROPER 25953 25942 25945 25947 $FC 120.0
 DIHEDRAL 26102 26105 26107 26109 $FC 0.0
 IMPROPER 26078 26067 26070 26072 $FC 120.0
 DIHEDRAL 26227 26230 26232 26234 $FC 0.0
 IMPROPER 26203 26192 26195 26197 $FC 120.0
 DIHEDRAL 26352 26355 26357 26359 $FC 0.0
 IMPROPER 26328 26317 26320 26322 $FC 120.0
 DIHEDRAL 26477 26480 26482 26484 $FC 0.0
 IMPROPER 26453 26442 26445 26447 $FC 120.0
 DIHEDRAL 26602 26605 26607 26609 $FC 0.0
 IMPROPER 26578 26567 26570 26572 $FC 120.0
 DIHEDRAL 26727 26730 26732 26734 $FC 0.0
 IMPROPER 26703 26692 26695 26697 $FC 120.0
 DIHEDRAL 26852 26855 26857 26859 $FC 0.0
 IMPROPER 26828 26817 26820 26822 $FC 120.0
 DIHEDRAL 26977 26980 26982 26984 $FC 0.0
 IMPROPER 26953 26942 26945 26947 $FC 120.0
 DIHEDRAL 27102 27105 27107 27109 $FC 0.0
 IMPROPER 27078 27067 27070 27072 $FC 120.0
 DIHEDRAL 27227 27230 27232 27234 $FC 0.0
 IMPROPER 27203 27192 27195 27197 $FC 120.0
 DIHEDRAL 27352 27355 27357 27359 $FC 0.0
 IMPROPER 27328 27317 27320 27322 $FC 120.0
 DIHEDRAL 27477 27480 27482 27484 $FC 0.0
 IMPROPER 27453 27442 27445 27447 $FC 120.0
 DIHEDRAL 27602 27605 27607 27609 $FC 0.0
 IMPROPER 27578 27567 27570 27572 $FC 120.0
 DIHEDRAL 27727 27730 27732 27734 $FC 0.0
 IMPROPER 27703 27692 27695 27697 $FC 120.0
 DIHEDRAL 27852 27855 27857 27859 $FC 0.0
 IMPROPER 27828 27817 27820 27822 $FC 120.0
 DIHEDRAL 27977 27980 27982 27984 $FC 0.0
 IMPROPER 27953 27942 27945 27947 $FC 120.0
 DIHEDRAL 28102 28105 28107 28109 $FC 0.0
 IMPROPER 28078 28067 28070 28072 $FC 120.0
 DIHEDRAL 28227 28230 28232 28234 $FC 0.0
 IMPROPER 28203 28192 28195 28197 $FC 120.0
 DIHEDRAL 28352 28355 28357 28359 $FC 0.0
 IMPROPER 28328 28317 28320 28322 $FC 120.0
 DIHEDRAL 28477 28480 28482 28484 $FC 0.0
 IMPROPER 28453 28442 28445 28447 $FC 120.0
 DIHEDRAL 28602 28605 28607 28609 $FC 0.0
 IMPROPER 28578 28567 28570 28572 $FC 120.0
 DIHEDRAL 28727 28730 28732 28734 $FC 0.0
 IMPROPER 28703 28692 28695 28697 $FC 120.0
 DIHEDRAL 28852 28855 28857 28859 $FC 0.0
 IMPROPER 28828 28817 28820 28822 $FC 120.0
 DIHEDRAL 28977 28980 28982 28984 $FC 0.0
 IMPROPER 28953 28942 28945 28947 $FC 120.0
 DIHEDRAL 29102 29105 29107 29109 $FC 0.0
 IMPROPER 29078 29067 29070 29072 $FC 120.0
 DIHEDRAL 29227 29230 29232 29234 $FC 0.0
 IMPROPER 29203 29192 29195 29197 $FC 120.0
 DIHEDRAL 29352 29355 29357 29359 $FC 0.0
 IMPROPER 29328 29317 29320 29322 $FC 120.0
 DIHEDRAL 29477 29480 29482 29484 $FC 0.0
 IMPROPER 29453 29442 29445 29447 $FC 120.0
 DIHEDRAL 29602 29605 29607 29609 $FC 0.0
 IMPROPER 29578 29567 29570 29572 $FC 120.0
 DIHEDRAL 29727 29730 29732 29734 $FC 0.0
 IMPROPER 29703 29692 29695 29697 $FC 120.0
 DIHEDRAL 29852 29855 29857 29859 $FC 0.0
 IMPROPER 29828 29817 29820 29822 $FC 120.0
 DIHEDRAL 29977 29980 29982 29984 $FC 0.0
 IMPROPER 29953 29942 29945 29947 $FC 120.0
 DIHEDRAL 30102 30105 30107 30109 $FC 0.0
 IMPROPER 30078 30067 30070 30072 $FC 120.0
 DIHEDRAL 30227 30230 30232 30234 $FC 0.0
 IMPROPER 30203 30192 30195 30197 $FC 120.0
 DIHEDRAL 30352 30355 30357 30359 $FC 0.0
 IMPROPER 30328 30317 30320 30322 $FC 120.0
 DIHEDRAL 30477 30480 30482 30484 $FC 0.0
 IMPROPER 30453 30442 30445 30447 $FC 120.0
 DIHEDRAL 30602 30605 30607 30609 $FC 0.0
 IMPROPER 30578 30567 30570 30572 $FC 120.0
 DIHEDRAL 30727 30730 30732 30734 $FC 0.0
 IMPROPER 30703 30692 30695 30697 $FC 120.0
 DIHEDRAL 30852 30855 30857 30859 $FC 0.0
 IMPROPER 30828 30817 30820 30822 $FC 120.0
 DIHEDRAL 30977 30980 30982 30984 $FC 0.0
 IMPROPER 30953 30942 30945 30947 $FC 120.0
 DIHEDRAL 31102 31105 31107 31109 $FC 0.0
 IMPROPER 31078 31067 31070 31072 $FC 120.0
 DIHEDRAL 31227 31230 31232 31234 $FC 0.0
 IMPROPER 31203 31192 31195 31197 $FC 120.0
 DIHEDRAL 31352 31355 31357 31359 $FC 0.0
 IMPROPER 31328 31317 31320 31322 $FC 120.0
 DIHEDRAL 31477 31480 31482 31484 $FC 0.0
 IMPROPER 31453 31442 31445 31447 $FC 120.0
 DIHEDRAL 31602 31605 31607 31609 $FC 0.0
 IMPROPER 31578 31567 31570 31572 $FC 120.0
 DIHEDRAL 31727 31730 31732 31734 $FC 0.0
 IMPROPER 31703 31692 31695 31697 $FC 120.0
 DIHEDRAL 31852 31855 31857 31859 $FC 0.0
 IMPROPER 31828 31817 31820 31822 $FC 120.0
 DIHEDRAL 31977 31980 31982 31984 $FC 0.0
 IMPROPER 31953 31942 31945 31947 $FC 120.0
 DIHEDRAL 32102 32105 32107 32109 $FC 0.0
 IMPROPER 32078 32067 32070 32072 $FC 120.0
 DIHEDRAL 32227 32230 32232 32234 $FC 0.0
 IMPROPER 32203 32192 32195 32197 $FC 120.0
 DIHEDRAL 32352 32355 32357 32359 $FC 0.0
 IMPROPER 32328 32317 32320 32322 $FC 120.0
 DIHEDRAL 32477 32480 32482 32484 $FC 0.0
 IMPROPER 32453 32442 32445 32447 $FC 120.0
 DIHEDRAL 32602 32605 32607 32609 $FC 0.0
 IMPROPER 32578 32567 32570 32572 $FC 120.0
 DIHEDRAL 32727 32730 32732 32734 $FC 0.0
 IMPROPER 32703 32692 32695 32697 $FC 120.0
 DIHEDRAL 32852 32855 32857 32859 $FC 0.0
 IMPROPER 32828 32817 32820 32822 $FC 120.0
 DIHEDRAL 32977 32980 32982 32984 $FC 0.0
 IMPROPER 32953 32942 32945 32947 $FC 120.0
 DIHEDRAL 33102 33105 33107 33109 $FC 0.0
 IMPROPER 33078 33067 33070 33072 $FC 120.0
 DIHEDRAL 33227 33230 33232 33234 $FC 0.0
 IMPROPER 33203 33192 33195 33197 $FC 120.0
 DIHEDRAL 33352 33355 33357 33359 $FC 0.0
 IMPROPER 33328 33317 33320 33322 $FC 120.0
 DIHEDRAL 33477 33480 33482 33484 $FC 0.0
 IMPROPER 33453 33442 33445 33447 $FC 120.0
 DIHEDRAL 33602 33605 33607 33609 $FC 0.0
 IMPROPER 33578 33567 33570 33572 $FC 120.0
 DIHEDRAL 33727 33730 33732 33734 $FC 0.0
 IMPROPER 33703 33692 33695 33697 $FC 120.0
 DIHEDRAL 33852 33855 33857 33859 $FC 0.0
 IMPROPER 33828 33817 33820 33822 $FC 120.0
 DIHEDRAL 33977 33980 33982 33984 $FC 0.0
 IMPROPER 33953 33942 33945 33947 $FC 120.0
 DIHEDRAL 34102 34105 34107 34109 $FC 0.0
 IMPROPER 34078 34067 34070 34072 $FC 120.0
 DIHEDRAL 34227 34230 34232 34234 $FC 0.0
 IMPROPER 34203 34192 34195 34197 $FC 120.0
 DIHEDRAL 34352 34355 34357 34359 $FC 0.0
 IMPROPER 34328 34317 34320 34322 $FC 120.0
 DIHEDRAL 34477 34480 34482 34484 $FC 0.0
 IMPROPER 34453 34442 34445 34447 $FC 120.0
 DIHEDRAL 34602 34605 34607 34609 $FC 0.0
 IMPROPER 34578 34567 34570 34572 $FC 120.0
 DIHEDRAL 34727 34730 34732 34734 $FC 0.0
 IMPROPER 34703 34692 34695 34697 $FC 120.0
 DIHEDRAL 34852 34855 34857 34859 $FC 0.0
 IMPROPER 34828 34817 34820 34822 $FC 120.0
 DIHEDRAL 34977 34980 34982 34984 $FC 0.0
 IMPROPER 34953 34942 34945 34947 $FC 120.0
 DIHEDRAL 35102 35105 35107 35109 $FC 0.0
 IMPROPER 35078 35067 35070 35072 $FC 120.0
 DIHEDRAL 35227 35230 35232 35234 $FC 0.0
 IMPROPER 35203 35192 35195 35197 $FC 120.0
 DIHEDRAL 35352 35355 35357 35359 $FC 0.0
 IMPROPER 35328 35317 35320 35322 $FC 120.0
 DIHEDRAL 35477 35480 35482 35484 $FC 0.0
 IMPROPER 35453 35442 35445 35447 $FC 120.0
 DIHEDRAL 35602 35605 35607 35609 $FC 0.0
 IMPROPER 35578 35567 35570 35572 $FC 120.0
 DIHEDRAL 35727 35730 35732 35734 $FC 0.0
 IMPROPER 35703 35692 35695 35697 $FC 120.0
 DIHEDRAL 35852 35855 35857 35859 $FC 0.0
 IMPROPER 35828 35817 35820 35822 $FC 120.0
 DIHEDRAL 35977 35980 35982 35984 $FC 0.0
 IMPROPER 35953 35942 35945 35947 $FC 120.0
 DIHEDRAL 36102 36105 36107 36109 $FC 0.0
 IMPROPER 36078 36067 36070 36072 $FC 120.0
 DIHEDRAL 36227 36230 36232 36234 $FC 0.0
 IMPROPER 36203 36192 36195 36197 $FC 120.0
 DIHEDRAL 36352 36355 36357 36359 $FC 0.0
 IMPROPER 36328 36317 36320 36322 $FC 120.0
 DIHEDRAL 36477 36480 36482 36484 $FC 0.0
 IMPROPER 36453 36442 36445 36447 $FC 120.0
 DIHEDRAL 36602 36605 36607 36609 $FC 0.0
 IMPROPER 36578 36567 36570 36572 $FC 120.0
 DIHEDRAL 36727 36730 36732 36734 $FC 0.0
 IMPROPER 36703 36692 36695 36697 $FC 120.0
 DIHEDRAL 36852 36855 36857 36859 $FC 0.0
 IMPROPER 36828 36817 36820 36822 $FC 120.0
 DIHEDRAL 36977 36980 36982 36984 $FC 0.0
 IMPROPER 36953 36942 36945 36947 $FC 120.0
 DIHEDRAL 37102 37105 37107 37109 $FC 0.0
 IMPROPER 37078 37067 37070 37072 $FC 120.0
 DIHEDRAL 37227 37230 37232 37234 $FC 0.0
 IMPROPER 37203 37192 37195 37197 $FC 120.0
 DIHEDRAL 37352 37355 37357 37359 $FC 0.0
 IMPROPER 37328 37317 37320 37322 $FC 120.0
 DIHEDRAL 37477 37480 37482 37484 $FC 0.0
 IMPROPER 37453 37442 37445 37447 $FC 120.0
 DIHEDRAL 37602 37605 37607 37609 $FC 0.0
 IMPROPER 37578 37567 37570 37572 $FC 120.0
 DIHEDRAL 37727 37730 37732 37734 $FC 0.0
 IMPROPER 37703 37692 37695 37697 $FC 120.0
 DIHEDRAL 37852 37855 37857 37859 $FC 0.0
 IMPROPER 37828 37817 37820 37822 $FC 120.0
 DIHEDRAL 37977 37980 37982 37984 $FC 0.0
 IMPROPER 37953 37942 37945 37947 $FC 120.0
 DIHEDRAL 38102 38105 38107 38109 $FC 0.0
 IMPROPER 38078 38067 38070 38072 $FC 120.0
 DIHEDRAL 38227 38230 38232 38234 $FC 0.0
 IMPROPER 38203 38192 38195 38197 $FC 120.0
 DIHEDRAL 38352 38355 38357 38359 $FC 0.0
 IMPROPER 38328 38317 38320 38322 $FC 120.0
 DIHEDRAL 38477 38480 38482 38484 $FC 0.0
 IMPROPER 38453 38442 38445 38447 $FC 120.0
 DIHEDRAL 38602 38605 38607 38609 $FC 0.0
 IMPROPER 38578 38567 38570 38572 $FC 120.0
 DIHEDRAL 38727 38730 38732 38734 $FC 0.0
 IMPROPER 38703 38692 38695 38697 $FC 120.0
 DIHEDRAL 38852 38855 38857 38859 $FC 0.0
 IMPROPER 38828 38817 38820 38822 $FC 120.0
 DIHEDRAL 38977 38980 38982 38984 $FC 0.0
 IMPROPER 38953 38942 38945 38947 $FC 120.0
 DIHEDRAL 39102 39105 39107 39109 $FC 0.0
 IMPROPER 39078 39067 39070 39072 $FC 120.0
 DIHEDRAL 39227 39230 39232 39234 $FC 0.0
 IMPROPER 39203 39192 39195 39197 $FC 120.0
 DIHEDRAL 39352 39355 39357 39359 $FC 0.0
 IMPROPER 39328 39317 39320 39322 $FC 120.0
 DIHEDRAL 39477 39480 39482 39484 $FC 0.0
 IMPROPER 39453 39442 39445 39447 $FC 120.0
 DIHEDRAL 39602 39605 39607 39609 $FC 0.0
 IMPROPER 39578 39567 39570 39572 $FC 120.0
 DIHEDRAL 39727 39730 39732 39734 $FC 0.0
 IMPROPER 39703 39692 39695 39697 $FC 120.0
 DIHEDRAL 39852 39855 39857 39859 $FC 0.0
 IMPROPER 39828 39817 39820 39822 $FC 120.0
 DIHEDRAL 39977 39980 39982 39984 $FC 0.0
 IMPROPER 39953 39942 39945 39947 $FC 120.0
 DIHEDRAL 40102 40105 40107 40109 $FC 0.0
 IMPROPER 40078 40067 40070 40072 $FC 120.0
 DIHEDRAL 40227 40230 40232 40234 $FC 0.0
 IMPROPER 40203 40192 40195 40197 $FC 120.0
 DIHEDRAL 40352 40355 40357 40359 $FC 0.0
 IMPROPER 40328 40317 40320 40322 $FC 120.0
 DIHEDRAL 40477 40480 40482 40484 $FC 0.0
 IMPROPER 40453 40442 40445 40447 $FC 120.0
 DIHEDRAL 40602 40605 40607 40609 $FC 0.0
 IMPROPER 40578 40567 40570 40572 $FC 120.0
 DIHEDRAL 40727 40730 40732 40734 $FC 0.0
 IMPROPER 40703 40692 40695 40697 $FC 120.0
 DIHEDRAL 40852 40855 40857 40859 $FC 0.0
 IMPROPER 40828 40817 40820 40822 $FC 120.0
 DIHEDRAL 40977 40980 40982 40984 $FC 0.0
 IMPROPER 40953 40942 40945 40947 $FC 120.0
 DIHEDRAL 41102 41105 41107 41109 $FC 0.0
 IMPROPER 41078 41067 41070 41072 $FC 120.0
 DIHEDRAL 41227 41230 41232 41234 $FC 0.0
 IMPROPER 41203 41192 41195 41197 $FC 120.0
 DIHEDRAL 41352 41355 41357 41359 $FC 0.0
 IMPROPER 41328 41317 41320 41322 $FC 120.0
 DIHEDRAL 41477 41480 41482 41484 $FC 0.0
 IMPROPER 41453 41442 41445 41447 $FC 120.0
 DIHEDRAL 41602 41605 41607 41609 $FC 0.0
 IMPROPER 41578 41567 41570 41572 $FC 120.0
 DIHEDRAL 41727 41730 41732 41734 $FC 0.0
 IMPROPER 41703 41692 41695 41697 $FC 120.0
 DIHEDRAL 41852 41855 41857 41859 $FC 0.0
 IMPROPER 41828 41817 41820 41822 $FC 120.0
 DIHEDRAL 41977 41980 41982 41984 $FC 0.0
 IMPROPER 41953 41942 41945 41947 $FC 120.0
 DIHEDRAL 42102 42105 42107 42109 $FC 0.0
 IMPROPER 42078 42067 42070 42072 $FC 120.0
 DIHEDRAL 42227 42230 42232 42234 $FC 0.0
 IMPROPER 42203 42192 42195 42197 $FC 120.0
 DIHEDRAL 42352 42355 42357 42359 $FC 0.0
 IMPROPER 42328 42317 42320 42322 $FC 120.0
 DIHEDRAL 42477 42480 42482 42484 $FC 0.0
 IMPROPER 42453 42442 42445 42447 $FC 120.0
 DIHEDRAL 42602 42605 42607 42609 $FC 0.0
 IMPROPER 42578 42567 42570 42572 $FC 120.0
 DIHEDRAL 42727 42730 42732 42734 $FC 0.0
 IMPROPER 42703 42692 42695 42697 $FC 120.0
 DIHEDRAL 42852 42855 42857 42859 $FC 0.0
 IMPROPER 42828 42817 42820 42822 $FC 120.0
 DIHEDRAL 42977 42980 42982 42984 $FC 0.0
 IMPROPER 42953 42942 42945 42947 $FC 120.0
 DIHEDRAL 43102 43105 43107 43109 $FC 0.0
 IMPROPER 43078 43067 43070 43072 $FC 120.0
 DIHEDRAL 43227 43230 43232 43234 $FC 0.0
 IMPROPER 43203 43192 43195 43197 $FC 120.0
 DIHEDRAL 43352 43355 43357 43359 $FC 0.0
 IMPROPER 43328 43317 43320 43322 $FC 120.0
 DIHEDRAL 43477 43480 43482 43484 $FC 0.0
 IMPROPER 43453 43442 43445 43447 $FC 120.0
 DIHEDRAL 43602 43605 43607 43609 $FC 0.0
 IMPROPER 43578 43567 43570 43572 $FC 120.0
 DIHEDRAL 43727 43730 43732 43734 $FC 0.0
 IMPROPER 43703 43692 43695 43697 $FC 120.0
 DIHEDRAL 43852 43855 43857 43859 $FC 0.0
 IMPROPER 43828 43817 43820 43822 $FC 120.0
 DIHEDRAL 43977 43980 43982 43984 $FC 0.0
 IMPROPER 43953 43942 43945 43947 $FC 120.0
 DIHEDRAL 44102 44105 44107 44109 $FC 0.0
 IMPROPER 44078 44067 44070 44072 $FC 120.0
 DIHEDRAL 44227 44230 44232 44234 $FC 0.0
 IMPROPER 44203 44192 44195 44197 $FC 120.0
 DIHEDRAL 44352 44355 44357 44359 $FC 0.0
 IMPROPER 44328 44317 44320 44322 $FC 120.0
 DIHEDRAL 44477 44480 44482 44484 $FC 0.0
 IMPROPER 44453 44442 44445 44447 $FC 120.0
 DIHEDRAL 44602 44605 44607 44609 $FC 0.0
 IMPROPER 44578 44567 44570 44572 $FC 120.0
 DIHEDRAL 44727 44730 44732 44734 $FC 0.0
 IMPROPER 44703 44692 44695 44697 $FC 120.0
 DIHEDRAL 44852 44855 44857 44859 $FC 0.0
 IMPROPER 44828 44817 44820 44822 $FC 120.0
 DIHEDRAL 44977 44980 44982 44984 $FC 0.0
 IMPROPER 44953 44942 44945 44947 $FC 120.0
 DIHEDRAL 45102 45105 45107 45109 $FC 0.0
 IMPROPER 45078 45067 45070 45072 $FC 120.0
 DIHEDRAL 45227 45230 45232 45234 $FC 0.0
 IMPROPER 45203 45192 45195 45197 $FC 120.0
 DIHEDRAL 45352 45355 45357 45359 $FC 0.0
 IMPROPER 45328 45317 45320 45322 $FC 120.0
 DIHEDRAL 45477 45480 45482 45484 $FC 0.0
 IMPROPER 45453 45442 45445 45447 $FC 120.0
 DIHEDRAL 45602 45605 45607 45609 $FC 0.0
 IMPROPER 45578 45567 45570 45572 $FC 120.0
 DIHEDRAL 45727 45730 45732 45734 $FC 0.0
 IMPROPER 45703 45692 45695 45697 $FC 120.0
 DIHEDRAL 45852 45855 45857 45859 $FC 0.0
 IMPROPER 45828 45817 45820 45822 $FC 120.0
 DIHEDRAL 45977 45980 45982 45984 $FC 0.0
 IMPROPER 45953 45942 45945 45947 $FC 120.0
 DIHEDRAL 46102 46105 46107 46109 $FC 0.0
 IMPROPER 46078 46067 46070 46072 $FC 120.0
 DIHEDRAL 46227 46230 46232 46234 $FC 0.0
 IMPROPER 46203 46192 46195 46197 $FC 120.0
 DIHEDRAL 46352 46355 46357 46359 $FC 0.0
 IMPROPER 46328 46317 46320 46322 $FC 120.0
 DIHEDRAL 46477 46480 46482 46484 $FC 0.0
 IMPROPER 46453 46442 46445 46447 $FC 120.0
 DIHEDRAL 46602 46605 46607 46609 $FC 0.0
 IMPROPER 46578 46567 46570 46572 $FC 120.0
 DIHEDRAL 46727 46730 46732 46734 $FC 0.0
 IMPROPER 46703 46692 46695 46697 $FC 120.0
 DIHEDRAL 46852 46855 46857 46859 $FC 0.0
 IMPROPER 46828 46817 46820 46822 $FC 120.0
 DIHEDRAL 46977 46980 46982 46984 $FC 0.0
 IMPROPER 46953 46942 46945 46947 $FC 120.0
 DIHEDRAL 47102 47105 47107 47109 $FC 0.0
 IMPROPER 47078 47067 47070 47072 $FC 120.0
 DIHEDRAL 47227 47230 47232 47234 $FC 0.0
 IMPROPER 47203 47192 47195 47197 $FC 120.0
 DIHEDRAL 47352 47355 47357 47359 $FC 0.0
 IMPROPER 47328 47317 47320 47322 $FC 120.0
 DIHEDRAL 47477 47480 47482 47484 $FC 0.0
 IMPROPER 47453 47442 47445 47447 $FC 120.0
 DIHEDRAL 47602 47605 47607 47609 $FC 0.0
 IMPROPER 47578 47567 47570 47572 $FC 120.0
 DIHEDRAL 47727 47730 47732 47734 $FC 0.0
 IMPROPER 47703 47692 47695 47697 $FC 120.0
 DIHEDRAL 47852 47855 47857 47859 $FC 0.0
 IMPROPER 47828 47817 47820 47822 $FC 120.0
 DIHEDRAL 47977 47980 47982 47984 $FC 0.0
 IMPROPER 47953 47942 47945 47947 $FC 120.0
 DIHEDRAL 48102 48105 48107 48109 $FC 0.0
 IMPROPER 48078 48067 48070 48072 $FC 120.0
 DIHEDRAL 48227 48230 48232 48234 $FC 0.0
 IMPROPER 48203 48192 48195 48197 $FC 120.0
 DIHEDRAL 48352 48355 48357 48359 $FC 0.0
 IMPROPER 48328 48317 48320 48322 $FC 120.0
 DIHEDRAL 48477 48480 48482 48484 $FC 0.0
 IMPROPER 48453 48442 48445 48447 $FC 120.0
 DIHEDRAL 48602 48605 48607 48609 $FC 0.0
 IMPROPER 48578 48567 48570 48572 $FC 120.0
 DIHEDRAL 48727 48730 48732 48734 $FC 0.0
 IMPROPER 48703 48692 48695 48697 $FC 120.0
 DIHEDRAL 48852 48855 48857 48859 $FC 0.0
 IMPROPER 48828 48817 48820 48822 $FC 120.0
 DIHEDRAL 48977 48980 48982 48984 $FC 0.0
 IMPROPER 48953 48942 48945 48947 $FC 120.0
 DIHEDRAL 49102 49105 49107 49109 $FC 0.0
 IMPROPER 49078 49067 49070 49072 $FC 120.0
 DIHEDRAL 49227 49230 49232 49234 $FC 0.0
 IMPROPER 49203 49192 49195 49197 $FC 120.0
 DIHEDRAL 49352 49355 49357 49359 $FC 0.0
 IMPROPER 49328 49317 49320 49322 $FC 120.0
 DIHEDRAL 49477 49480 49482 49484 $FC 0.0
 IMPROPER 49453 49442 49445 49447 $FC 120.0
 DIHEDRAL 49602 49605 49607 49609 $FC 0.0
 IMPROPER 49578 49567 49570 49572 $FC 120.0
 DIHEDRAL 49727 49730 49732 49734 $FC 0.0
 IMPROPER 49703 49692 49695 49697 $FC 120.0
 DIHEDRAL 49852 49855 49857 49859 $FC 0.0
 IMPROPER 49828 49817 49820 49822 $FC 120.0
 DIHEDRAL 49977 49980 49982 49984 $FC 0.0
 IMPROPER 49953 49942 49945 49947 $FC 120.0
 DIHEDRAL 50102 50105 50107 50109 $FC 0.0
 IMPROPER 50078 50067 50070 50072 $FC 120.0
 DIHEDRAL 50227 50230 50232 50234 $FC 0.0
 IMPROPER 50203 50192 50195 50197 $FC 120.0
 DIHEDRAL 50352 50355 50357 50359 $FC 0.0
 IMPROPER 50328 50317 50320 50322 $FC 120.0
 DIHEDRAL 50477 50480 50482 50484 $FC 0.0
 IMPROPER 50453 50442 50445 50447 $FC 120.0
 DIHEDRAL 50602 50605 50607 50609 $FC 0.0
 IMPROPER 50578 50567 50570 50572 $FC 120.0
 DIHEDRAL 50727 50730 50732 50734 $FC 0.0
 IMPROPER 50703 50692 50695 50697 $FC 120.0
 DIHEDRAL 50852 50855 50857 50859 $FC 0.0
 IMPROPER 50828 50817 50820 50822 $FC 120.0
 DIHEDRAL 50977 50980 50982 50984 $FC 0.0
 IMPROPER 50953 50942 50945 50947 $FC 120.0
 DIHEDRAL 51102 51105 51107 51109 $FC 0.0
 IMPROPER 51078 51067 51070 51072 $FC 120.0
 DIHEDRAL 51227 51230 51232 51234 $FC 0.0
 IMPROPER 51203 51192 51195 51197 $FC 120.0
 DIHEDRAL 51352 51355 51357 51359 $FC 0.0
 IMPROPER 51328 51317 51320 51322 $FC 120.0
 DIHEDRAL 51477 51480 51482 51484 $FC 0.0
 IMPROPER 51453 51442 51445 51447 $FC 120.0
 DIHEDRAL 51602 51605 51607 51609 $FC 0.0
 IMPROPER 51578 51567 51570 51572 $FC 120.0
